0 1.0 0.0
1 1.0180472022991764 0.017886284734303187
2 1.0245380652363074 0.0063555582125571445
3 1.0261747867758295 0.0015962467738447684
4 0.9925743511767349 -0.03329144592291925
5 0.9866475670953659 -0.00598902199090445
6 0.9790363613884471 -0.007744117591288496
7 0.9772499416815514 -0.0018263382007471269
8 0.9637787539861505 -0.01388068504062266
9 0.9628242563794442 -0.000990860784152342
10 0.9525118040383451 -0.01076839955696491
11 0.9244254446603061 -0.029930095998528184
12 0.9447557209682583 0.02175399413120745
13 0.9659062261190549 0.022140357341653698
14 1.0090688530613785 0.04371650184704215
15 1.0105105325644521 0.001427702974411685
16 0.9993615634788494 -0.011094321337423232
17 0.9849082038183449 -0.014568195837407979
18 0.945642243668595 -0.040684123151806015
19 0.9726080556210691 0.0281168609142962
20 0.9421604410128817 -0.03180560087846947
21 0.9098212130171849 -0.03492746862381223
22 0.9041730907828213 -0.006227296827783805
23 0.9439069532385578 0.04300678063430346
24 0.9508368457511966 0.0073148922999451416
25 0.9225649391038738 -0.03018471897323373
26 0.9031861086741587 -0.02122913553407475
27 0.9198434263518198 0.018274834215752246
28 0.9156332977008679 -0.004587512311527455
29 0.8964858187402226 -0.02113348005130067
30 0.8908593245751487 -0.006295944319183728
31 0.9086361029111176 0.01975815706554355
32 0.9574648958168683 0.052344370855621505
33 0.921718857666121 -0.03804880760285978
34 0.903702738375985 -0.019739773361723965
35 0.8817815889490892 -0.024556083321851923
36 0.8198242841758259 -0.07285436405905693
37 0.7924010489769937 -0.03402239108414007
38 0.7636725678344308 -0.03692851745225901
39 0.7949709023677347 0.04016639202062703
40 0.7912235283419122 -0.00472499578251976
41 0.7492303226390044 -0.05453407429885543
42 0.7669067763032088 0.023318807591099534
43 0.7575211277047004 -0.012313822345020684
44 0.7155197259693651 -0.05704226024845388
45 0.7003957967073939 -0.021363568986188346
46 0.6864280983258925 -0.020144115993889367
47 0.6670163604466065 -0.02868690910486216
48 0.6676571760993215 0.0009602583469430058
49 0.6232864179360561 -0.06876867936273834
50 0.6172491528470442 -0.009733397243645856
51 0.6389833363435483 0.03460562056680523
52 0.65775739466653 0.02895778589577509
53 0.6824540962502658 0.03685910433215555
54 0.7085155066507232 0.037476678927829146
55 0.744962916187183 0.05016249472705336
56 0.7159550866835555 -0.03971700331312798
57 0.7378368595599644 0.030105305759273625
58 0.6916982531301109 -0.06457293252679785
59 0.675838724296596 -0.023195336076011396
60 0.6301297497005365 -0.0700287239680183
61 0.6576288988557311 0.0427150386388617
62 0.6937939176383511 0.05353417903604422
63 0.6882101875655218 -0.008080671302333269
64 0.7362712349377883 0.06750428011205623
65 0.7159934398585174 -0.027927571860740734
66 0.7202497598812505 0.00592703587217923
67 0.7242971250131691 0.005603661279790505
68 0.6983297762513715 -0.03651025186016559
69 0.708891873844161 0.015011559744000261
70 0.7551415141992732 0.06320215796491271
71 0.7272387003575841 -0.037650407949880664
72 0.7514054762896142 0.032690661467580304
73 0.747289361794803 -0.005492945914869419
74 0.7927599584724273 0.05906799995916357
75 0.8069256009225093 0.017710996581965153
76 0.8260793529942266 0.023459366052347556
77 0.8440356200548879 0.021503859654979945
78 0.8508446575340286 0.008034873260722256
79 0.8152229814791712 -0.04276789809561116
80 0.8525332143746884 0.044750496815023
81 0.8141853206557487 -0.046024162798361246
82 0.820980589400938 0.008311459799466887
83 0.8377007456479723 0.02016146472959882
84 0.8157631024127254 -0.026536934129065194
85 0.8194624239944462 0.004524547633187662
86 0.8483553676541615 0.03465106886147071
87 0.8477338882971893 -0.0007328380656919787
88 0.8261848957660245 -0.025748182348105685
89 0.7593160175038313 -0.08440054213521954
90 0.7314266381520501 -0.03742112526606306
91 0.715280698795592 -0.022321874442758734
92 0.7021321551095736 -0.01855340993061598
93 0.6794790497075557 -0.032795240258120445
94 0.6881947983489766 0.01274553380097195
95 0.6756226723123783 -0.01843719184126482
96 0.6733384638228191 -0.0033866219145125775
97 0.6869376536812564 0.01999541531155767
98 0.6701792822565774 -0.02469827450052347
99 0.6644153391750308 -0.008637797316125942
100 0.7054137613433057 0.059877061447005255
101 0.725920912278606 0.02865654645658166
102 0.696239625641603 -0.04174718184018505
103 0.6943944123906853 -0.0026537741538970394
104 0.7068171784021805 0.01773192798276631
105 0.7337747947864219 0.03743011781970791
106 0.7371994583921823 0.004656328669223048
107 0.7256638080352275 -0.015771657871939414
108 0.7105351803246841 -0.021068372046349527
109 0.7236984417299945 0.018356327476143113
110 0.7300599214175565 0.008751826236440531
111 0.7199199870624612 -0.013986538152465427
112 0.7163126988577838 -0.005023274884842829
113 0.7086531531820929 -0.010750600705060303
114 0.7218193630681157 0.018408716768834356
115 0.7092316882932806 -0.017592662987355484
116 0.7180890989478519 0.012411399644960273
117 0.7336796993806861 0.021478901917444677
118 0.74286808241778 0.012445925228528106
119 0.7273590353877513 -0.021098267256802014
120 0.7528560310687155 0.0344538012395835
121 0.7390599288197172 -0.018495003581316987
122 0.747619268882571 0.011514837431646316
123 0.7329015498767928 -0.01988246792298342
124 0.6999245809305195 -0.04603879393648834
125 0.7045990489891385 0.0066563284778127394
126 0.7103424601561323 0.008118275806881155
127 0.7088410255466506 -0.0021159140939552173
128 0.7140287725499346 0.007291981314859719
129 0.7022023711160101 -0.016701618791895072
130 0.6890370218661958 -0.01892663810253894
131 0.6860617862822412 -0.004327311185325916
132 0.7197968545225853 0.04800133456600203
133 0.7369568405809416 0.023560303823177964
134 0.726035877933742 -0.014929897280805222
135 0.7374669524904927 0.015621844782332736
136 0.7278698057740369 -0.013099083046838492
137 0.7190119554506071 -0.012244208511145306
138 0.7354089949074035 0.022548814635527405
139 0.725247085623959 -0.013914395555041962
140 0.6942229570906631 -0.04371923181805469
141 0.6762665039524645 -0.026205937763833356
142 0.6779988377885653 0.002558338794569458
143 0.6804121515811775 0.003553146066210592
144 0.7034241267180443 0.033261299762052506
145 0.6894552877099437 -0.020058171871608996
146 0.7035740587200952 0.020271295106834203
147 0.7118601772232889 0.011708368996212096
148 0.7090232234754917 -0.003993230572211205
149 0.7246013605640895 0.021733374885038553
150 0.7340159816504784 0.012909145607957003
151 0.7178481397242407 -0.022272759627612628
152 0.7382425393505139 0.02801437259957367
153 0.7143659806819356 -0.032877005712948076
154 0.7155626166701061 0.001673700728453867
155 0.7156098995515496 6.607572591678193e-05
156 0.7236054793095459 0.011111140326526735
157 0.7102438744612983 -0.0186379295685663
158 0.7096052137212111 -0.0008996178375234416
159 0.7071044078743886 -0.0035304460507855043
160 0.7246680817918583 0.024535399479502257
161 0.7101713026713664 -0.02020751950356395
162 0.7114962463179412 0.0018639294835330839
163 0.7068625237023807 -0.006533945005877165
164 0.6846555752554446 -0.03192029481498358
165 0.7343534634567237 0.07007456858079673
166 0.7325900627467798 -0.002404184657188682
167 0.6987459331126491 -0.04729908166848086
168 0.7326824497450717 0.04742518380665201
169 0.7056639939039655 -0.03757319313823578
170 0.714889420476263 0.012988679168432826
171 0.7356248177205887 0.028592356169140656
172 0.7202557742969116 -0.02111383922039908
173 0.710543216202109 -0.013576620262482348
174 0.6990401210532502 -0.016321632369318197
175 0.6963982393910879 -0.0037864586405201503
176 0.6654147220790638 -0.045511191237284775
177 0.640721667177398 -0.03781534244657777
178 0.6378864596634657 -0.004434841451849922
179 0.658033541954208 0.031095601042818746
180 0.6707174987133209 0.01909212734907016
181 0.7057589798524391 0.05092575790652096
182 0.7218346633003092 0.022522323573723385
183 0.7103005816251396 -0.016107879621941445
184 0.7076582379147424 -0.003726972508042411
185 0.6672689987345369 -0.058768001272687435
186 0.6461961567587456 -0.03209015514288648
187 0.6247376642942626 -0.033771281431224216
188 0.6303449161722875 0.008935331064626397
189 0.6432610321964157 0.020283446170652863
190 0.6323885176683967 -0.017046653312324574
191 0.6215099679216479 -0.01735199910355776
192 0.5944961653595587 -0.04443768339648041
193 0.5921499664554878 -0.003954341397023252
194 0.5964951449278817 0.0073111777201032135
195 0.6040622299040775 0.01260612003120663
196 0.5912041537698196 -0.02151582666316354
197 0.624310393609028 0.05448627474281596
198 0.6483248239697162 0.037744171966069946
199 0.6463362091456911 -0.0030720263251867662
200 0.6360098329962878 -0.01610579208408001
201 0.6299966307780827 -0.009499552506613477
202 0.6327073690323191 0.004293551646181859
203 0.6323852136365143 -0.0005092993306287652
204 0.6405158330628334 0.012775117164020522
205 0.6534385967548879 0.019974727180842818
206 0.6771332750860584 0.03561954675649817
207 0.699046067772041 0.03184853049853704
208 0.6968457779733372 -0.0031525244992179824
209 0.7043213039662474 0.010670528903414227
210 0.6970647123449224 -0.010356399158489972
211 0.6864468343958148 -0.015349472786443425
212 0.7212569632727507 0.04946669445196463
213 0.7114803550538463 -0.013647665683910763
214 0.7533034068421917 0.05712027083567826
215 0.7446926567572565 -0.011496485382853553
216 0.7506134993811584 0.00791927933067086
217 0.7754260994475586 0.03252181267808963
218 0.775988551925145 0.000725083396280865
219 0.7848540832574078 0.011360051902987625
220 0.7795776646606187 -0.006745501823272959
221 0.7696305536870797 -0.012841718180036285
222 0.7662624956888727 -0.004385804595403522
223 0.7535608192434758 -0.01671506424407878
224 0.7857502471505652 0.041829259757784114
225 0.7820299633383002 -0.004745934117947695
226 0.8196267357679755 0.04695598023959515
227 0.7556913069678611 -0.08121606766428728
228 0.7562291050423108 0.0007114105912711198
229 0.7716670570869956 0.0202088045291413
230 0.7639326318039344 -0.010073576784880385
231 0.791522955069063 0.03547927387142205
232 0.8082305445337363 0.020888464333304848
233 0.8012542075412318 -0.008669085773615758
234 0.8118077734145561 0.013085320445494266
235 0.8807799165222044 0.08154420385511325
236 0.8892361393624193 0.009555040078775818
237 0.8987377195722723 0.01062842122259034
238 0.8856080826176997 -0.014716736978039898
239 0.8893857709832271 0.004256571437323856
240 0.855365828401465 -0.03900183260173992
241 0.8500612501152652 -0.0062208410547402474
242 0.9147738132657898 0.07336843025290826
243 0.9513743554961877 0.039230793042488374
244 0.9739335856670499 0.023435484974755717
245 1.0122661844500722 0.038603729256772724
246 1.0812474831322032 0.06592388713007606
247 1.106531976550197 0.023115327394466745
248 1.1945696422609744 0.07655520960448092
249 1.2497112841761324 0.045126563455635406
250 1.2583896800655954 0.006920319913587884
251 1.3446411778006462 0.06629432326630981
252 1.2190076974148336 -0.09809003014525558
253 1.185050122345225 -0.028252093981135068
254 1.1996965490106741 0.012283577960703961
255 1.1538645380275443 -0.038951872520083766
256 1.1464405438931193 -0.006454813293457829
257 1.1186774558822632 -0.024514818577143545
258 1.0922137192017063 -0.023940572872358873
259 1.2011017403782993 0.095032680836279
260 1.2351579391831846 0.027959595317243947
261 1.2323604365606806 -0.002267463414734138
262 1.297061002245007 0.051169553103828806
263 1.2849095450821126 -0.009412614633331451
264 1.327667506724996 0.032735325326782624
265 1.3445733373315105 0.01265309314955714
266 1.421051648636687 0.055320453723924204
267 1.3493032979809163 -0.05180881146972461
268 1.3889946002360494 0.028991792577791692
269 1.3952031063026873 0.004459824345569804
270 1.3411230470923101 -0.03953264278873061
271 1.3913227512686035 0.03674755645495676
272 1.3501318396492388 -0.030052667575958848
273 1.4259912882128076 0.05466496604431756
274 1.4527267420536216 0.01857508951917565
275 1.4878961333152942 0.023920828850121496
276 1.4918783616799887 0.002672840338865129
277 1.5348062411453358 0.02836817437102197
278 1.4482820320812595 -0.05802609727054299
279 1.4520525236089192 0.002600040498343058
280 1.4225281513366226 -0.02054241216689808
281 1.4352844740600095 0.008927392461903381
282 1.4332486748980202 -0.0014194010653301114
283 1.458857189152057 0.017709713795187567
284 1.4248833805002543 -0.02356340993136304
285 1.5004083010511853 0.05164729964281866
286 1.614272328503898 0.07314701278230566
287 1.6015938679695603 -0.007884983670215697
288 1.600745309455749 -0.0005299616852914472
289 1.6161005224769713 0.009546823471496466
290 1.681703983787616 0.03979139278144743
291 1.7883703949346728 0.06149725585240475
292 1.7117426378627707 -0.04379287323328621
293 1.6735322167701643 -0.022575445451526756
294 1.6123728526227172 -0.037229577124205944
295 1.5508697514800083 -0.03889101194849808
296 1.4642754339088146 -0.057455367784436516
297 1.4843805390789704 0.01363700406469121
298 1.4248091445593085 -0.04095966871583765
299 1.5031210160120838 0.05350575273023301
300 1.5550802417105125 0.033983522847676764
301 1.4976535226840073 -0.037627581611760184
302 1.4428417927706931 -0.03728492901272924
303 1.4114908267826187 -0.021968166285434906
304 1.4809612084866564 0.048044872382365406
305 1.4367412994535225 -0.03031377948465904
306 1.3639942035216746 -0.05196025287910378
307 1.3615302904265398 -0.0018080290760991407
308 1.3790381139900496 0.012776956572147323
309 1.3499365439849822 -0.021328650400722973
310 1.42042887741284 0.0509012654694387
311 1.4320560163504248 0.008152332977063737
312 1.4529907193512692 0.014512811998782762
313 1.4153340801851897 -0.026258395036303558
314 1.4136271578227189 -0.0012067486444698055
315 1.4072358113462982 -0.004531490882860592
316 1.3211045189091477 -0.06315921930980559
317 1.3338668091975858 0.009613955866678348
318 1.2601675288510215 -0.05683742779790859
319 1.2588983845307156 -0.0010076309801551756
320 1.1993625901536773 -0.04844679975181526
321 1.2862406999528821 0.06993353698398107
322 1.3028596240131327 0.012837781642506688
323 1.3448325824167007 0.031707971841480304
324 1.3898671935953169 0.032938667135295426
325 1.3266273261088477 -0.046568321900174715
326 1.221628732710132 -0.08245488130095949
327 1.2045514095639505 -0.014077771790219502
328 1.2482741622349938 0.03565470368829701
329 1.2526692916053812 0.003514780702704256
330 1.2885634989575845 0.028251323396384902
331 1.3313239559004593 0.03264587146262517
332 1.2648356218849253 -0.05123173209842566
333 1.2780501275178704 0.010393408033873711
334 1.3663818731926307 0.06683069926203764
335 1.3368112667824643 -0.021879151420950038
336 1.2416553702536592 -0.07384166109738674
337 1.229823227994974 -0.009575023360959872
338 1.208085395897611 -0.017833652996495693
339 1.2265197367682854 0.015143887547807907
340 1.1896291655821178 -0.030539043533235197
341 1.1932626630737482 0.003049656106095182
342 1.1122602965145192 -0.07029704106752929
343 1.1483498371319323 0.03193173961695443
344 1.216515954339805 0.0576650104556349
345 1.278991533521776 0.05008090485910214
346 1.205112236903055 -0.059499197703867815
347 1.2210185076069626 0.013112647495703166
348 1.0891361150399306 -0.11430052576490216
349 1.104916361191829 0.014384813881828046
350 1.1015973392977798 -0.0030083877535116237
351 1.0554255481212427 -0.04281720437528289
352 1.070768757094967 0.014432806329351204
353 1.0765663246293933 0.005399792208274117
354 1.1140560975699956 0.03423084983761473
355 1.119140273511098 0.004553280482498031
356 1.1279990410417406 0.007884525330385158
357 1.0604946693092754 -0.06170983450772244
358 1.017293790079249 -0.041589513944631167
359 0.9999752046902588 -0.017170750100001332
360 1.010184408848294 0.010157692822180282
361 1.0099785358248559 -0.0002038182362404064
362 1.057479330406881 0.045959007063953033
363 1.027922478354467 -0.02834833200428289
364 1.020049528013715 -0.007688571034935887
365 1.028013045253539 0.007776673894282205
366 1.0210996336374187 -0.006747738100583699
367 1.03536970640473 0.013878448403635998
368 1.019352778059769 -0.015590672608825847
369 1.0589977258525456 0.03815502458690993
370 1.0493334430588583 -0.009167772715009164
371 1.0822641195007026 0.030900107232611378
372 1.0813317842518653 -0.0008618386686063721
373 1.126328197216526 0.04076954400302922
374 1.080980282093179 -0.04109466096209664
375 1.0984289570936536 0.01601264004199843
376 1.084316030873242 -0.012931536177369666
377 1.0915761200669278 0.006673231605465295
378 1.1283053676180042 0.03309419888335304
379 1.091979330666884 -0.032724883229469925
380 1.0502799288538782 -0.038935221636134915
381 1.018527690981818 -0.030698583227828268
382 1.0265477775243077 0.007843356180334592
383 0.9710812290629102 -0.05554665962928139
384 0.9741998734791478 0.00320637164882072
385 0.9357041498590033 -0.040317144197332684
386 0.9016837489581255 -0.03703549963048466
387 0.8908301949091677 -0.01211001646877271
388 0.9014827399975985 0.011887065385119995
389 0.8847506402525529 -0.018735053710480554
390 0.8721438984726176 -0.014351411400268906
391 0.8711115475747175 -0.0011843944281622822
392 0.8646678612781278 -0.007424579257073514
393 0.805621366976235 -0.07073159368193652
394 0.7939111341595115 -0.01464233084153206
395 0.7960984752573462 0.0027513575574913047
396 0.823344042370014 0.03365125696900316
397 0.8773810669533413 0.06356726212218056
398 0.898536661923525 0.0238260989489051
399 0.9009787446297767 0.00271415759656465
400 0.8733415454236765 -0.03115495526441143
401 0.875842774574889 0.0028598825491363967
402 0.8968485973084757 0.023700466224749868
403 0.9314667142902766 0.03787339597847139
404 0.9063861956063597 -0.027294976267790906
405 0.9129910391778578 0.0072605861613907405
406 0.9350897591933435 0.02391645797266785
407 0.9870664798382862 0.05409486880613057
408 0.995348484951053 0.008355519347486216
409 0.9787713361465623 -0.01679486552107658
410 0.9587552106048397 -0.02066225899424895
411 0.9487525969014959 -0.01048772156845058
412 0.9314217537835232 -0.01843587960714084
413 0.9530845662610478 0.022991450331405032
414 0.981823673361787 0.029708096924720453
415 1.0022346127244108 0.020575665135664032
416 1.0363198904846178 0.03344375108459495
417 1.022768789388029 -0.01316242167884071
418 1.0337640066829035 0.010693067558493754
419 1.022975749327662 -0.010490735413475135
420 1.024163162827273 0.0011600713813074456
421 1.057031444368885 0.03158860251621751
422 1.0561815423148466 -0.0008043695597355898
423 1.0058537923387327 -0.04882336011132894
424 0.9983097233024032 -0.007528432294940062
425 0.9781980634516277 -0.020351403757777876
426 0.9374918548898089 -0.04250409870804817
427 0.9153391243545276 -0.02391344536938324
428 0.9419435237049392 0.028650694855071723
429 0.9904864823080538 0.05025089952881217
430 0.9747872223046583 -0.015977005056026852
431 1.0058576003450936 0.031376576639937565
432 1.0436909994831223 0.03692295683831109
433 1.0057029480587036 -0.03707672032986229
434 1.0044179159697673 -0.0012785621869689206
435 1.0030466487045406 -0.0013661685517509419
436 1.0081170292178758 0.0050422462493148485
437 0.9640370289167493 -0.04470983669454174
438 0.9538298072565798 -0.01064444918104384
439 0.9837923554277233 0.030929597446267512
440 1.0213180636413108 0.03743443746034298
441 1.0804268999494637 0.05626222840982171
442 1.0680171485725716 -0.011552443640465059
443 1.134736725281442 0.06059686679701723
444 1.1623934093624781 0.024080499482519266
445 1.1088415840813004 -0.04716531097344008
446 1.1395407930613317 0.027309515720234642
447 1.1257008076964632 -0.012219586266990191
448 1.145045682311785 0.01703875154153559
449 1.141355995531206 -0.0032275081139337748
450 1.1833392852058573 0.03612331924606528
451 1.1927119145673368 0.007889289570631427
452 1.1828562102208249 -0.008297603247736833
453 1.21552337583493 0.027242715164363433
454 1.2244297691963226 0.007300495041609841
455 1.2106165748053859 -0.011345445307991787
456 1.2527290458037186 0.03419461238034005
457 1.238430554298249 -0.011479512211786445
458 1.2170740073541642 -0.017395272489269926
459 1.1995004426250044 -0.014544451152686287
460 1.1538050386454528 -0.038839962473611996
461 1.135750302670746 -0.015771717680352352
462 1.1961426284371124 0.051808410812758936
463 1.1624676792180029 -0.028556847694617162
464 1.1627728934942814 0.00026252275279673733
465 1.1252137685647747 -0.032834543914885446
466 1.1046511764008282 -0.018443426439773675
467 1.1550239369785937 0.044591460748012644
468 1.1880381026840103 0.028182224976669917
469 1.1656684843142817 -0.019008564660321747
470 1.165887507690736 0.00018787743279546513
471 1.1384726173598174 -0.023795051439052455
472 1.1131838935366831 -0.02246327277694661
473 1.0846293446390538 -0.025985971165375706
474 1.0572356668884022 -0.025580670479791092
475 1.0671246582096812 0.00931015575370983
476 1.084842580107609 0.01646709295031126
477 1.099309622868484 0.013247478189325488
478 1.094369825617949 -0.004503671312101255
479 1.0566453933354212 -0.03507952935673814
480 1.0546963461088499 -0.0018462646229181051
481 1.029112708758295 -0.024555918730690122
482 1.0538245517409321 0.023728993639755547
483 1.0698566364313915 0.01509867803908342
484 1.0913894172596192 0.019926924387539898
485 1.0813113563538879 -0.009277055826257733
486 1.0315787178993658 -0.04708415878927925
487 1.0610099009258345 0.02813082665537873
488 1.100069592234642 0.03615225219010032
489 1.0515198259068383 -0.045136872607633806
490 1.0562172107677115 0.004457285283886596
491 1.0955224819925684 0.036537545824789554
492 1.059179546202553 -0.033736806567253017
493 1.120093890188691 0.055917916914255614
494 1.1065590508134027 -0.012157266028082247
495 1.0680416892454976 -0.03542847164073218
496 1.117608585450221 0.04536443632295776
497 1.1289774434106135 0.010121094730462712
498 1.1052800693836473 -0.021213546392799654
499 1.1362867371072962 0.02766693856365236
500 1.069216582460573 -0.060839483489752495
501 1.139922656013922 0.06403420011822017
502 1.1043860145429376 -0.031670876907565225
503 1.1162869765819758 0.010718440781863669
504 1.100757128961631 -0.014009736286066114
505 1.1168561595179836 0.014519495771816833
506 1.1487784966781982 0.028181463201024517
507 1.1194505725181931 -0.02586119637269406
508 1.1469892149675345 0.024302430593491246
509 1.1367879709435327 -0.008933719046458925
510 1.1142635204002997 -0.020013049385976252
511 1.1071496082711043 -0.006404874767794066
512 1.076948801038155 -0.027656933537879895
513 1.0532388395002688 -0.022261832975326443
514 1.0814541799332422 0.026436572797581104
515 1.076877858920858 -0.004240615241703662
516 1.1107080541616599 0.030931715465890772
517 1.1242089599702347 0.012081943046511341
518 1.0932452728477688 -0.027929054282549298
519 1.037130849259939 -0.052692485491306305
520 1.0148972774149865 -0.021670699010850596
521 1.0231599002796743 0.008108377158845544
522 1.0234244439336924 0.0002585221139205069
523 0.9998462929997817 -0.0233080209420895
524 1.0286262277083167 0.028377871300521752
525 0.9788113629826937 -0.0496404908716587
526 0.9407439673513609 -0.03966792373855055
527 0.9446360608482488 0.0041287156620798855
528 1.0104759390829863 0.0673769931374749
529 1.0257205202163466 0.01497386551618178
530 0.9910613322638058 -0.03437416949169927
531 1.01121292766439 0.020129386106969054
532 1.0340011918636423 0.02228539995137226
533 1.0651325174367428 0.029663292180405025
534 1.0514963420858392 -0.012884983542297586
535 1.026470428466709 -0.02408808845271923
536 1.0300842894667677 0.003514484383315193
537 1.0423179801648466 0.01180642675727395
538 1.089287541477414 0.04407679077432446
539 1.159870514278182 0.06278452240676977
540 1.1305920260568278 -0.025566960873237017
541 1.1108169507342904 -0.017645676124457155
542 1.1085398333520808 -0.0020520523762564136
543 1.1001103599460575 -0.007633181895888058
544 1.1158299230045219 0.014187951608209046
545 1.1312902396929823 0.01376033279490397
546 1.1393671263317178 0.0071141695130025944
547 1.181025442721637 0.03591012444289201
548 1.175742291221861 -0.00448339501031572
549 1.1425649169008523 -0.02862402312773108
550 1.0939718810224137 -0.043460661451628455
551 1.0605752895245304 -0.031003513896864447
552 1.0274459139228678 -0.03173545938313483
553 0.9698094573459163 -0.05773168999149921
554 0.9922039288292132 0.022829043098554113
555 0.9983196610884298 0.006144867143542645
556 0.9851679227699736 -0.01326142010609492
557 0.9591489857854045 -0.02676568843954405
558 0.9148318400082047 -0.04730615119815248
559 0.88809528422879 -0.029661227678686067
560 0.9420871587797697 0.05901875624491938
561 0.8708649611276534 -0.07861086959638329
562 0.8760159993624038 0.005897428938237604
563 0.9015005005813156 0.028676243037281852
564 0.9060574885347885 0.005042159239600671
565 0.8961682351730157 -0.010974599339172575
566 0.9189914500396242 0.025148660945018064
567 0.8871585841274965 -0.03525306536964038
568 0.9032037381508831 0.017924398217162234
569 0.9442494006173524 0.04444217520903868
570 0.9126338716525028 -0.03405554346496571
571 0.8884674675460965 -0.02683675146161797
572 0.8923507464375029 0.004361236892158776
573 0.919620340510473 0.03010164272501964
574 0.9579716755458212 0.04085729978585486
575 0.9789359041471279 0.021647958351154108
576 0.9588781015773321 -0.020702212774332797
577 0.9272167239076723 -0.033576628010247814
578 0.9341460627766909 0.007445481267089443
579 0.945099010250807 0.011656884626299217
580 0.9161513643324832 -0.031108098830485417
581 0.9177364850449229 0.0017287001576744255
582 0.926231152683294 0.009213532338197297
583 0.9526412354120646 0.028114546233476426
584 0.9270114559072102 -0.027272451122550185
585 0.9415515220768198 0.015563146461439937
586 0.9119010231363561 -0.03199761307333619
587 0.9009544273472242 -0.012076780673704216
588 0.8990177315007271 -0.0021519183886710173
589 0.9359933184943202 0.04030558023166566
590 1.0295650848560718 0.09528340624811711
591 1.040285284930827 0.010358522612667545
592 1.0600638859798943 0.018834188130185798
593 1.099162601478086 0.036219442406384236
594 1.0471986029671356 -0.048430016958895324
595 1.077038298777064 0.028096356604408547
596 1.0306651255465393 -0.044010611361451416
597 1.0929845903876334 0.058707763848431405
598 1.1554748017921377 0.055599232665620966
599 1.1788598589623542 0.02003640686193125
600 1.1436007648990485 -0.030365899848897548
601 1.2152091670350444 0.06073436559632165
602 1.227613729548994 0.01015601184437753
603 1.232566518011264 0.004026367708827214
604 1.2572305227820573 0.01981270856148909
605 1.1886141711622782 -0.05612323758309683
606 1.20693586827851 0.015296741100329228
607 1.248271794251382 0.03367522254509149
608 1.2625635448828811 0.01138418339018726
609 1.2684203836279695 0.004628120418562383
610 1.232367307354524 -0.02883537413663164
611 1.2565866445017702 0.01946207288580381
612 1.2640367556491998 0.00591134148930663
613 1.2643606681173987 0.0002562195855176415
614 1.2451463673274588 -0.015313506598802356
615 1.273978666604054 0.022891724676027923
616 1.3174661537386905 0.03356549954046769
617 1.331937289598852 0.010924179787675384
618 1.3649546800000198 0.02448673549139197
619 1.4156544204652401 0.03647068552135216
620 1.4822649089337794 0.0459793497253996
621 1.492783150180838 0.007071001787674773
622 1.483309985490311 -0.0063661963877109954
623 1.465826419873749 -0.011856874719144326
624 1.4663846908031313 0.00038078495378124274
625 1.4881699169401905 0.014747143881704011
626 1.5253764124842497 0.024694086077303574
627 1.5080667802802619 -0.011412654850179706
628 1.5139941425561394 0.003922733543761129
629 1.4760198814709977 -0.025402090235633855
630 1.525638663872606 0.03306392245198844
631 1.509297571885033 -0.010768759957843486
632 1.523832213967321 0.009583996968489243
633 1.495455898152617 -0.018797246429151794
634 1.4838559878322923 -0.0077870121558513885
635 1.4581039184151292 -0.017507191116795707
636 1.522969451524803 0.043525109939450635
637 1.5386336171329034 0.010232745354820954
638 1.5315937709710297 -0.00458588736892241
639 1.4934202153955218 -0.025239937586292494
640 1.4689762993221958 -0.016503172842670194
641 1.4914412995455375 0.01517720436472149
642 1.5582946937781412 0.04384911078783596
643 1.4947521278593072 -0.041631685995463255
644 1.4530825172727617 -0.028273218392154076
645 1.4452705924185305 -0.005390608718522347
646 1.4189592257828012 -0.018372901930447556
647 1.353200294146746 -0.047451287996433444
648 1.3540183272405277 0.0006043347310158379
649 1.3845873589220978 0.022325449424658944
650 1.3221242230475116 -0.046162456439724
651 1.3309670950455215 0.006666114116487094
652 1.3701196249139314 0.028992236355451933
653 1.411165953368236 0.02951822648126996
654 1.3933812304364723 -0.012682946775719791
655 1.489992768764737 0.0670379335785013
656 1.5192398456206109 0.019438841432739662
657 1.4785788525529746 -0.02712871650652159
658 1.526928084246006 0.03217653732757211
659 1.4721680293493478 -0.036521764856127945
660 1.5161276404124862 0.029423315033459237
661 1.4553567706206445 -0.040908405456912725
662 1.4941601547111292 0.02631320582532153
663 1.4660985087644902 -0.018959482749999805
664 1.5190088063101697 0.03545322421895415
665 1.555189107287204 0.023539129604308012
666 1.5769269397697192 0.013880827649536133
667 1.579687667661014 0.001749170512414816
668 1.6293939413876093 0.030980981776365726
669 1.5461398649577542 -0.05244671558069921
670 1.5679817623551304 0.014027875711536485
671 1.588207617332938 0.012816804963061803
672 1.6149953104807313 0.01672595727073204
673 1.654045559514786 0.0238920883301001
674 1.8397618087968208 0.10641197022703341
675 1.8491339762554866 0.00508129704400198
676 1.9099349250370703 0.03235176227246224
677 1.9212329890846804 0.005897990927220985
678 2.0334174442263278 0.05675068592443225
679 1.88212666220859 -0.07731550685261562
680 2.0254748245149967 0.07340181349810795
681 1.9624953680367048 -0.031587343878479314
682 1.7778960231338072 -0.098786154731131
683 1.6827671803513744 -0.05499108616052742
684 1.6681954743507044 -0.008697081615929365
685 1.6830909089653867 0.008889441844091258
686 1.6798322458425166 -0.0019379950077806909
687 1.7343165415718897 0.031919476859968716
688 1.7320162396689258 -0.0013272252757053032
689 1.72816759553685 -0.0022245325118373216
690 1.610005832618965 -0.07082385210220762
691 1.6404234265918172 0.018716593723315165
692 1.701633686927783 0.03663438645731174
693 1.6761539603246314 -0.01508692230540453
694 1.5727079660977532 -0.06370290687131921
695 1.4952721235904538 -0.05049073999131015
696 1.5952864167249694 0.064745078983055
697 1.5557183992569845 -0.025115859693601132
698 1.515716888818932 -0.026048911056280374
699 1.4699985058553686 -0.030627136615065734
700 1.5066938062014386 0.024656333614146115
701 1.4761993545895635 -0.020446936836336676
702 1.4340771891446986 -0.02894921255881864
703 1.3650776086985714 -0.04931028537409913
704 1.3599887109952702 -0.0037348842353633845
705 1.4050757431169103 0.03261481204964772
706 1.398338221417368 -0.004806664129350529
707 1.4368195827319843 0.02714750098488881
708 1.4445319345170717 0.005353300461383035
709 1.4507635822703746 0.004304677943927668
710 1.4580338901995484 0.004998851338048349
711 1.4593881384418568 0.0009283869980294218
712 1.4990091231229 0.026787040619988208
713 1.518717289207708 0.013061784663243045
714 1.4958198144357806 -0.015191662502194761
715 1.5008285726240416 0.0033429099485376844
716 1.4979436652538491 -0.0019240596026254006
717 1.5160456734278127 0.012012136608998419
718 1.522786261649253 0.0044363093586500014
719 1.538148448869293 0.010037663430975396
720 1.4844289117114233 -0.03554926009680247
721 1.4993000248387909 0.009968222035564082
722 1.5508251605556829 0.03378880184014688
723 1.4947694028743461 -0.036815201549212924
724 1.5653398873663793 0.04613103146108391
725 1.5799431176452134 0.009285864062771565
726 1.5701798738084851 -0.006198662798012378
727 1.4912906098456484 -0.05154825595896319
728 1.5439631432820369 0.03471065424288649
729 1.4965399276490305 -0.031196851744027768
730 1.4722397791674449 -0.01637082814518755
731 1.4971849622378914 0.01680175257716956
732 1.4521694838775567 -0.030528019049883455
733 1.4097609672997502 -0.02963847074338725
734 1.361654447833165 -0.03471969711697075
735 1.3569933842596513 -0.0034289605924434866
736 1.380612883623231 0.017256013573595387
737 1.3966134899355667 0.011522851364077796
738 1.4124636325038173 0.011285066297760904
739 1.3994203046715712 -0.00927735402743552
740 1.4045929452867132 0.003689459372393553
741 1.3800378877378452 -0.017636588477276036
742 1.4523556687194357 0.05107588364099952
743 1.460787923682774 0.00578912658832933
744 1.3817096349031242 -0.05565436562423137
745 1.3344764234746573 -0.03478257550888786
746 1.4061513733998479 0.05231742726889574
747 1.3404124185614934 -0.047879108384149965
748 1.319334096708984 -0.015850204536477487
749 1.337708606183248 0.013831017747001217
750 1.2908227519873963 -0.03567834755736915
751 1.3367431295484549 0.03495634785639523
752 1.4126313177557681 0.05521799287460305
753 1.3717151739147486 -0.02939223947534158
754 1.4264971341998536 0.03915997413178775
755 1.38285834148552 -0.031069263686770508
756 1.3364745907337263 -0.034117374390093595
757 1.34766301681698 0.008336749094107934
758 1.3579836496420785 0.0076289953225681965
759 1.333545313604463 -0.018159944017777936
760 1.3671895008197128 0.024916128441210005
761 1.3094509779197465 -0.04314922491838713
762 1.2749064045984213 -0.02673518078336539
763 1.2331938406329228 -0.03326534536176577
764 1.2627079552687412 0.023651163251550446
765 1.2941156641453275 0.02456899140202553
766 1.320380687631123 0.020092517690033958
767 1.2709738183657555 -0.03813670198463301
768 1.2761541156074638 0.0040675651308945
769 1.2933213823498084 0.01336266658731694
770 1.2355075009768572 -0.04573180683760929
771 1.2046249010133425 -0.025313584618455627
772 1.2284994671375136 0.019625246211369782
773 1.2543702035792712 0.02084013757920392
774 1.2637123935937533 0.007420116312748371
775 1.2830101174968958 0.015155238294026827
776 1.2944352707421711 0.008865544255596264
777 1.299603627945651 0.003984800725204761
778 1.2959423181923957 -0.0028212270232893665
779 1.2678115997097117 -0.02194582506673729
780 1.2598660336220333 -0.0062868715167076076
781 1.2472053412425992 -0.01010007144921705
782 1.3208642740173615 0.05738095404514585
783 1.3313293722308566 0.00789169564681551
784 1.3309162936048264 -0.0003103234495945786
785 1.3223570920982364 -0.006451827575092732
786 1.3182672028849596 -0.0030976708738506813
787 1.3089453243135203 -0.0070964321273681704
788 1.327228746009471 0.013871401793296174
789 1.3262419645058605 -0.0007437666790062831
790 1.3530884077556007 0.020040336956153076
791 1.32971001089764 -0.017428807534741922
792 1.3414809073010847 0.008813276890134412
793 1.3709656609963599 0.021741195151369658
794 1.3315495064179923 -0.029172047064655378
795 1.337456518981702 0.004426383569091811
796 1.345965192216882 0.0063416806353616545
797 1.3346939430441283 -0.008409361300107622
798 1.3187058766231667 -0.012051150224595315
799 1.2599359157183905 -0.0455900000687041
800 1.3013124568603864 0.03231247825344135
801 1.2666532619619084 -0.026995142035844456
802 1.2218558487635505 -0.036007304924020815
803 1.2462638397897452 0.019779256956925718
804 1.180985534197007 -0.05380085901403997
805 1.2189548662859906 0.03164453625216778
806 1.2363385872805115 0.01416043483295694
807 1.2595944323137727 0.01863553058255978
808 1.2533734620013277 -0.004951104257738325
809 1.210137491694746 -0.03510470312229605
810 1.1438896461583372 -0.05629955749666642
811 1.2012435236118753 0.04892286475731158
812 1.1814330282506225 -0.016629157539802444
813 1.161171913749453 -0.01729836676176586
814 1.2215544434345509 0.050694416075885776
815 1.1953635771122944 -0.021673793949279537
816 1.1860108970377874 -0.00785489914661389
817 1.1772536976141588 -0.00741113756437752
818 1.1724418678942283 -0.004095710539728783
819 1.1382259216241866 -0.029617799334367582
820 1.1199241391528045 -0.01620989103994727
821 1.1612891296441132 0.03626975660578853
822 1.1876293436562462 0.02242846524934797
823 1.0891700143562135 -0.0865432205007953
824 1.0089729512597987 -0.07648301792888598
825 1.0237729796300004 0.014561868919053127
826 1.0190932806442854 -0.00458151104884584
827 1.0048203896446688 -0.01410448264158765
828 1.0426247010306937 0.03693247606505068
829 0.9791321323073209 -0.06282996378562239
830 1.0254850163629081 0.04625436632112289
831 1.0307305945010174 0.005102178477680553
832 1.0513563072555654 0.01981318596506881
833 1.0605603739027336 0.008716371249448402
834 1.090103531869598 0.02747525203645274
835 1.0814272089227615 -0.00799101661667355
836 1.0637708765378764 -0.016461632349967167
837 1.0884974667165719 0.02297824824341063
838 1.0940497531997553 0.005087906836642685
839 1.0564352465604594 -0.034985915539685684
840 1.0987001871668418 0.039227567406935684
841 1.1400201406077064 0.036918096372399
842 1.1926431472092411 0.045126046714563044
843 1.1957820532764778 0.0026284330560024344
844 1.2089140608450362 0.010922077044340782
845 1.1952422289676996 -0.011373619357782833
846 1.1623297301535849 -0.027922487840506154
847 1.1645335003967532 0.001894198913936473
848 1.1702511997430265 0.004897848419209963
849 1.1496466725684622 -0.0177637724777652
850 1.206929890791602 0.048625200998083234
851 1.1497716662944089 -0.04851648330721577
852 1.119700196521844 -0.026502403816006347
853 1.0959994835966747 -0.02139425044214791
854 1.1406915435772935 0.03996797830685064
855 1.1313535267402257 -0.008219968466445631
856 1.1202113115103864 -0.009897388692913879
857 1.0916284163081318 -0.025846797193411226
858 1.0675888217624614 -0.022267873251519656
859 1.0282466389320788 -0.037547608660702066
860 1.0601205772593045 0.030527594389458384
861 1.079839105264587 0.018429399645035437
862 1.1117783828713428 0.02914882655615227
863 1.090165490578417 -0.019631369051950127
864 1.1725581101814817 0.07285827009721829
865 1.1317368472650537 -0.03543429535657795
866 1.0519025157197228 -0.0731530413198626
867 1.0394946427578533 -0.011865769725575735
868 1.044906457212888 0.00519269215073412
869 1.0732248800710062 0.0267406555895861
870 1.0364943173727759 -0.03482385200761526
871 1.057549807399752 0.020110559661890133
872 1.118230452924355 0.055792753094192425
873 1.0848551563784705 -0.030301001463729847
874 1.0573493037128472 -0.025681362270943697
875 0.9985479285862648 -0.05721824607577838
876 1.0073628386607452 0.008788991974782242
877 1.0373732842030094 0.02935596467193139
878 1.064392163635099 0.025712067901846932
879 1.093750036310523 0.027208294030431318
880 1.144512396745023 0.045366500045440905
881 1.1494191020472717 0.004277994166835357
882 1.1846357755676762 0.03017867885129198
883 1.1496269861661164 -0.029997835047875312
884 1.1214425266728352 -0.02482170307513663
885 1.1297971889411316 0.007422310974406592
886 1.1029375395227334 -0.024061026947463086
887 1.1214754948148162 0.016668113518278935
888 1.1661721886346392 0.03908152729558926
889 1.180367662078276 0.012099216310409121
890 1.1554985693057203 -0.021294055408470017
891 1.13110877073709 -0.02133354788011526
892 1.1755150275513955 0.03850800819066004
893 1.1479383485131498 -0.023738779812192325
894 1.1509561888694768 0.0026254724092625754
895 1.1426011900469002 -0.007285656645737084
896 1.1442491223222422 0.00144122468504015
897 1.1777135489881374 0.028826254898675668
898 1.160622505436991 -0.014618384621566038
899 1.1178063765884025 -0.03758833137008096
900 1.1649436808449165 0.04130457080160005
901 1.172842774538298 0.006757780409088399
902 1.1977602371089655 0.021022820058417355
903 1.197097602693516 -0.0005533810160638789
904 1.2229067289133795 0.0213306269431142
905 1.2659310579965497 0.03457727605907648
906 1.316365080496457 0.03906634554045891
907 1.3055709065203105 -0.008233789850232334
908 1.2923758628838913 -0.010158142773095754
909 1.3066700300927738 0.010999660584045095
910 1.3140191174893037 0.0056085298536587835
911 1.3336864369414527 0.014856396062003818
912 1.3093028277331868 -0.018452062118959545
913 1.2326777436084504 -0.06030597256026203
914 1.2503634423993264 0.014245432554959718
915 1.2803781507051526 0.023721201566065026
916 1.3052303135971635 0.019224046178981713
917 1.3700089447163684 0.048437758090781644
918 1.4077390372343401 0.02716762887563009
919 1.3906706288273742 -0.01219880010919193
920 1.4324977928590372 0.029633531268783125
921 1.428829659285401 -0.002563939740869326
922 1.4814374973814077 0.03615720929820067
923 1.4920194885737894 0.007117665341714699
924 1.511529747190926 0.012991651876878337
925 1.5211326112058179 0.006332980711268719
926 1.5233631421297043 0.0014652878530276622
927 1.4651252763832319 -0.038979732481621655
928 1.4675119594642965 0.0016276705340931492
929 1.3797690382814987 -0.06165230063854529
930 1.4024087012029056 0.01627513751613419
931 1.4466761456757187 0.031077352618870256
932 1.5427079463628948 0.06427066723437665
933 1.5636445275024486 0.013480053117035628
934 1.5259965946118759 -0.024371630802842034
935 1.4481512769195484 -0.05235993976437474
936 1.5510556249098626 0.06864798593459064
937 1.4659633233787672 -0.056423162459522405
938 1.5206114621323663 0.03659994669245333
939 1.3878057177613485 -0.09138865219176942
940 1.3844646798971558 -0.002410327278712698
941 1.4257946870770193 0.029415781205011607
942 1.44486834677322 0.013288874494782879
943 1.442582095045322 -0.0015835784902553797
944 1.4009174921725167 -0.029307255899958123
945 1.357669686080752 -0.031357609555209144
946 1.405020911143977 0.03428242208270021
947 1.4258602735764885 0.014723146270601627
948 1.4185125275093304 -0.005166525575540872
949 1.4274913883983942 0.006309823137713741
950 1.3894718904953527 -0.026994889830601533
951 1.4315510859212033 0.02983479185216552
952 1.4858102127644721 0.03720168938569286
953 1.4508039677583375 -0.023842357992446588
954 1.4552625348211707 0.003068457350960429
955 1.4997346461307162 0.03010186922954071
956 1.4719268838736175 -0.018715842088019276
957 1.559968918948158 0.05809354952026868
958 1.639732193699993 0.049867034665599094
959 1.6238347030794493 -0.00974247923629454
960 1.6770614143479066 0.03225265098453255
961 1.7708922262083435 0.054440398456744275
962 1.6945522510327367 -0.044064954928753605
963 1.7327783335892597 0.02230754623316277
964 1.7241785184724903 -0.004975377608136644
965 1.712106570848795 -0.0070261907689295995
966 1.7499475295327471 0.02186127925206673
967 1.7250036520778982 -0.014356636734085788
968 1.6562202784262883 -0.04069110213741846
969 1.5854961853109022 -0.04364065648182501
970 1.5844856024904248 -0.0006375953695394857
971 1.6152515866450066 0.019230912107419937
972 1.6141046614881263 -0.0007103119736425107
973 1.6071182253469303 -0.004337760745818337
974 1.60576486450023 -0.0008424588688091597
975 1.661434686084249 0.034081303670683995
976 1.6861538066299535 0.014768583349272663
977 1.6522412444164225 -0.020317385011752346
978 1.6393575685919353 -0.007828257543341408
979 1.692218333233709 0.03173585279055585
980 1.6654337897878808 -0.01595466750712727
981 1.6477638727689774 -0.01066648377156894
982 1.6466750393339078 -0.0006610130002505494
983 1.6023535798212407 -0.027284591342658635
984 1.6410583195130906 0.023867814693175088
985 1.547635250624988 -0.05861322929297467
986 1.6209464684829253 0.04628209725486791
987 1.5974314992747225 -0.014613192049982127
988 1.5344866090248983 -0.04020115796220275
989 1.5487897686189007 0.00927796307824384
990 1.4682879735574654 -0.05337675328547922
991 1.4954457681401403 0.01832725683948617
992 1.5336669979583037 0.02523726345099827
993 1.505783166488474 -0.018348459261710023
994 1.4878820555128573 -0.011959469755171908
995 1.530128360846503 0.027997958362259316
996 1.5000669823518331 -0.019841865850993935
997 1.5010452868988275 0.0006519613355825764
998 1.5156094940792797 0.009655941032829799
999 1.5806989800941644 0.0420494772960424
