0 1 -0.03147595003603667
0.01 0.9685240499639634 0.0077961866482210715
0.02 0.9763202366121845 -0.02893459821270711
0.03 0.9473856383994773 0.0031265457190998783
0.04 0.9505121841185772 -0.0035133493513956914
0.05 0.9469988347671815 0.0005557336955282534
0.060000000000000005 0.9475545684627098 -0.029070997191456692
0.07 0.9184835712712531 -0.007137725693580197
0.08 0.911345845577673 0.00027565860384443086
0.09 0.9116215041815174 0.004935226381576367
0.09999999999999999 0.9165567305630938 -0.02157873384617293
0.10999999999999999 0.8949779967169209 0.013951956324518105
0.11999999999999998 0.908929953041439 -0.006448989019758537
0.12999999999999998 0.9024809640216804 -0.01744716556057032
0.13999999999999999 0.8850337984611101 0.00417202668200378
0.15 0.8892058251431139 0.011925429024941548
0.16 0.9011312541680554 0.013076720836819005
0.17 0.9142079750048744 -0.00021841291776741997
0.18000000000000002 0.9139895620871069 0.0007068361544546843
0.19000000000000003 0.9146963982415616 -0.004562659890436783
0.20000000000000004 0.9101337383511248 -0.005386769298661642
0.21000000000000005 0.9047469690524631 0.0006893713590579913
0.22000000000000006 0.9054363404115211 -0.010077511499838977
0.23000000000000007 0.8953588289116822 -0.035014628343378235
0.24000000000000007 0.860344200568304 0.0034551303458096247
0.25000000000000006 0.8637993309141135 -0.023824128635574836
0.26000000000000006 0.8399752022785387 0.01231482940393317
0.2700000000000001 0.8522900316824719 -0.018384049108888394
0.2800000000000001 0.8339059825735835 0.00847936772364653
0.2900000000000001 0.84238535029723 -0.0007515602724552426
0.3000000000000001 0.8416337900247748 -0.011915027478247108
0.3100000000000001 0.8297187625465277 -0.00772201091111193
0.3200000000000001 0.8219967516354157 -0.01797820667083709
0.3300000000000001 0.8040185449645787 0.008248064335808662
0.34000000000000014 0.8122666093003874 -0.0022579165411707926
0.35000000000000014 0.8100086927592166 0.009257907137176257
0.36000000000000015 0.8192665998963928 -0.029612513721048585
0.37000000000000016 0.7896540861753443 -0.00011473065647945289
0.38000000000000017 0.7895393555188648 -0.0031023540408185845
0.3900000000000002 0.7864370014780462 -0.017416258006473735
0.4000000000000002 0.7690207434715725 0.0014805210492435375
0.4100000000000002 0.770501264520816 0.006281905507718422
0.4200000000000002 0.7767831700285345 -0.0009327931271707341
0.4300000000000002 0.7758503769013637 0.003933311501076984
0.4400000000000002 0.7797836884024407 -0.0071419045259480925
0.45000000000000023 0.7726417838764926 0.015336823347267138
0.46000000000000024 0.7879786072237598 -0.016708114925325732
0.47000000000000025 0.771270492298434 0.0012114723128400428
0.48000000000000026 0.772481964611274 0.007761263807493723
0.49000000000000027 0.7802432284187678 0.008335701687933862
0.5000000000000002 0.7885789301067017 0.007874141899290003
0.5100000000000002 0.7964530720059917 0.006565777388488948
0.5200000000000002 0.8030188493944806 -0.0024917232356179942
0.5300000000000002 0.8005271261588627 0.008013888738417145
0.5400000000000003 0.8085410148972798 0.001686738541264718
0.5500000000000003 0.8102277534385445 -0.00777337062411026
0.5600000000000003 0.8024543828144343 -0.002795707065446664
0.5700000000000003 0.7996586757489876 -0.0002648144314976558
0.5800000000000003 0.79939386131749 -0.01260623750068853
0.5900000000000003 0.7867876238168015 0.020211966894725757
0.6000000000000003 0.8069995907115272 0.0026064801312182806
0.6100000000000003 0.8096060708427455 -0.015421445586026816
0.6200000000000003 0.7941846252567186 -0.02270818906576519
0.6300000000000003 0.7714764361909534 -0.003431391829636295
0.6400000000000003 0.7680450443613172 -0.00010149028444790119
0.6500000000000004 0.7679435540768692 0.004094515792724607
0.6600000000000004 0.7720380698695938 0.0024602068216779596
0.6700000000000004 0.7744982766912717 -0.002013393221764543
0.6800000000000004 0.7724848834695072 -0.004519249846343411
0.6900000000000004 0.7679656336231637 -0.0034840773896300113
0.7000000000000004 0.7644815562335338 0.012028522336150482
0.7100000000000004 0.7765100785696842 0.007569835548044562
0.7200000000000004 0.7840799141177288 0.012142953415955081
0.7300000000000004 0.7962228675336839 -0.00538906652940672
0.7400000000000004 0.7908338010042771 -0.000758338223319228
0.7500000000000004 0.7900754627809579 -0.0012424636580747697
0.7600000000000005 0.7888329991228831 0.02370602539158184
0.7700000000000005 0.8125390245144649 -0.02301178350742194
0.7800000000000005 0.789527241007043 0.009300156189756404
0.7900000000000005 0.7988273971967994 0.004703124279026426
0.8000000000000005 0.8035305214758258 0.0017408367557917982
0.8100000000000005 0.8052713582316177 -0.005381701503492902
0.8200000000000005 0.7998896567281247 0.00014409256255825688
0.8300000000000005 0.8000337492906829 -0.012518287889833888
0.8400000000000005 0.787515461400849 0.016460213254513866
0.8500000000000005 0.8039756746553629 -0.011207437625116341
0.8600000000000005 0.7927682370302466 -0.006256597398462325
0.8700000000000006 0.7865116396317843 0.014077632298074936
0.8800000000000006 0.8005892719298592 -0.004153106022481116
0.8900000000000006 0.7964361659073781 -0.0020743376886317682
0.9000000000000006 0.7943618282187463 -0.005936233215838214
0.9100000000000006 0.7884255950029081 0.002496844568717991
0.9200000000000006 0.7909224395716261 -0.011355027527886816
0.9300000000000006 0.7795674120437392 0.006233573774330818
0.9400000000000006 0.7858009858180701 0.007952217013381224
0.9500000000000006 0.7937532028314513 -0.0062355228674154375
0.9600000000000006 0.7875176799640359 0.003431785795555701
0.9700000000000006 0.7909494657595916 0.0069556984768403135
0.9800000000000006 0.7979051642364319 -0.01229080768675115
0.9900000000000007 0.7856143565496807 0.01751746486633559
1.0000000000000007 0.8031318214160162 -0.009728967677414994
1.0100000000000007 0.7934028537386012 0.004238786597388702
1.0200000000000007 0.7976416403359899 -0.014155244551185116
1.0300000000000007 0.7834863957848048 -0.011699194190852769
1.0400000000000007 0.7717872015939521 0.009605587588627984
1.0500000000000007 0.78139278918258 -0.015519795498657275
1.0600000000000007 0.7658729936839228 -0.012114821728921444
1.0700000000000007 0.7537581719550014 -0.014996834075441915
1.0800000000000007 0.7387613378795594 -0.006498233941679523
1.0900000000000007 0.73226310393788 0.0010427408540163957
1.1000000000000008 0.7333058447918963 -0.012571386360641064
1.1100000000000008 0.7207344584312553 0.0051502950248502564
1.1200000000000008 0.7258847534561055 -0.005135710347564359
1.1300000000000008 0.7207490431085412 0.01357949388133185
1.1400000000000008 0.734328536989873 -0.0043122694245806715
1.1500000000000008 0.7300162675652924 -0.008000654631248764
1.1600000000000008 0.7220156129340436 0.0019490706609003171
1.1700000000000008 0.7239646835949439 0.0030025643310158025
1.1800000000000008 0.7269672479259597 -0.011805085586948925
1.1900000000000008 0.7151621623390108 0.0024644444293463116
1.2000000000000008 0.7176266067683571 -0.009839802450873625
1.2100000000000009 0.7077868043174835 0.019639794207760037
1.2200000000000009 0.7274265985252436 -0.0069424025870401624
1.2300000000000009 0.7204841959382035 0.009179606046376416
1.2400000000000009 0.7296638019845799 0.01607029488132252
1.2500000000000009 0.7457340968659024 0.0031961262626909095
1.260000000000001 0.7489302231285934 -0.004356616902970321
1.270000000000001 0.7445736062256231 -0.006492160573165262
1.280000000000001 0.7380814456524578 0.0017497335515533983
1.290000000000001 0.7398311792040112 -0.0257808354439152
1.300000000000001 0.714050343760096 -0.0016960893787176551
1.310000000000001 0.7123542543813783 0.009151988844382432
1.320000000000001 0.7215062432257607 -0.010149076099667973
1.330000000000001 0.7113571671260928 -0.005775937646114909
1.340000000000001 0.7055812294799778 -0.008474595714328723
1.350000000000001 0.6971066337656491 -0.001345068933653622
1.360000000000001 0.6957615648319955 -0.013276936753600699
1.370000000000001 0.6824846280783947 0.013762000368391609
1.380000000000001 0.6962466284467863 -0.011681971096769328
1.390000000000001 0.684564657350017 0.011860119317346296
1.400000000000001 0.6964247766673634 -0.007120575583026124
1.410000000000001 0.6893042010843372 0.0082415544614276
1.420000000000001 0.6975457555457648 -0.004610944155186196
1.430000000000001 0.6929348113905787 -0.016720712518050945
1.440000000000001 0.6762140988725277 -0.0006939064496741049
1.450000000000001 0.6755201924228535 -0.005705187348323972
1.460000000000001 0.6698150050745296 -0.016433134632812332
1.470000000000001 0.6533818704417172 -0.006386020916310601
1.480000000000001 0.6469958495254067 0.012845654352834293
1.490000000000001 0.6598415038782409 -0.018051481246749893
1.500000000000001 0.641790022631491 -0.002796411237423122
1.5100000000000011 0.6389936113940679 0.008729839645969129
1.5200000000000011 0.6477234510400369 0.023882846665046514
1.5300000000000011 0.6716062977050834 0.002765634824029743
1.5400000000000011 0.6743719325291131 0.003937403952130535
1.5500000000000012 0.6783093364812436 -0.0013143560838148687
1.5600000000000012 0.6769949803974287 0.004429724152060389
1.5700000000000012 0.6814247045494891 -0.0010138727806422408
1.5800000000000012 0.6804108317688469 -0.0005923461141972854
1.5900000000000012 0.6798184856546495 0.012957003382830784
1.6000000000000012 0.6927754890374803 0.007755655326201372
1.6100000000000012 0.7005311443636817 0.01081213223877519
1.6200000000000012 0.7113432766024569 0.01070340767190824
1.6300000000000012 0.7220466842743651 -0.0002915463331450032
1.6400000000000012 0.7217551379412201 0.009217114554958904
1.6500000000000012 0.730972252496179 -0.0038807577063010353
1.6600000000000013 0.727091494789878 -0.00658500964674883
1.6700000000000013 0.7205064851431292 0.006332227750669583
1.6800000000000013 0.7268387128937988 0.011065698110416486
1.6900000000000013 0.7379044110042152 0.013775560767060496
1.7000000000000013 0.7516799717712758 -0.007926050374594103
1.7100000000000013 0.7437539213966816 0.0028262541855640783
1.7200000000000013 0.7465801755822457 -0.0038935321201882074
1.7300000000000013 0.7426866434620575 0.001707527973760413
1.7400000000000013 0.7443941714358179 0.0020209246696085786
1.7500000000000013 0.7464150961054264 0.002197908426426812
1.7600000000000013 0.7486130045318533 -0.005462809336615017
1.7700000000000014 0.7431501951952383 0.002776955648955184
1.7800000000000014 0.7459271508441935 -0.012636620138370813
1.7900000000000014 0.7332905307058226 0.0066459858578930605
1.8000000000000014 0.7399365165637157 -0.010919030217162565
1.8100000000000014 0.7290174863465532 -0.017580837211348288
1.8200000000000014 0.7114366491352049 -0.0011283720778248233
1.8300000000000014 0.7103082770573801 0.004195288423278748
1.8400000000000014 0.7145035654806589 -0.004389596754026945
1.8500000000000014 0.7101139687266319 0.0029100170768007216
1.8600000000000014 0.7130239858034326 0.014431206209051492
1.8700000000000014 0.7274551920124841 0.001181829874728634
1.8800000000000014 0.7286370218872127 0.001017664657563855
1.8900000000000015 0.7296546865447765 0.012907763502357679
1.9000000000000015 0.7425624500471342 -0.014810907264489526
1.9100000000000015 0.7277515427826446 -0.0034726090212425613
1.9200000000000015 0.7242789337614021 0.007932977660698037
1.9300000000000015 0.7322119114221001 -0.011633428513452195
1.9400000000000015 0.7205784829086479 0.0020951322006251853
1.9500000000000015 0.7226736151092731 0.0010404259826469824
1.9600000000000015 0.7237140410919201 0.0005851662505633391
1.9700000000000015 0.7242992073424834 0.0010693266135282894
1.9800000000000015 0.7253685339560118 0.004682370028685668
1.9900000000000015 0.7300509039846974 -0.015080062209227215
2.0000000000000013 0.7149708417754702 -0.011628606628095315
2.010000000000001 0.7033422351473749 -0.006884373808960562
2.020000000000001 0.6964578613384144 0.005795653011300731
2.0300000000000007 0.7022535143497151 0.012427182075692133
2.0400000000000005 0.7146806964254072 -0.004906261782585801
2.0500000000000003 0.7097744346428214 0.005374091048203223
2.06 0.7151485256910246 0.008099309969661872
2.07 0.7232478356606865 0.0021437198890515577
2.0799999999999996 0.7253915555497381 -0.001698187934235015
2.0899999999999994 0.7236933676155031 0.005793172445554314
2.099999999999999 0.7294865400610574 0.007531644502758542
2.109999999999999 0.737018184563816 -0.012940588934080727
2.1199999999999988 0.7240775956297353 0.0038071905472969155
2.1299999999999986 0.7278847861770322 0.012117772434548138
2.1399999999999983 0.7400025586115804 -0.0021873575982520365
2.149999999999998 0.7378152010133283 0.006403119785701622
2.159999999999998 0.7442183207990299 0.01479284209374126
2.1699999999999977 0.7590111628927712 0.007008331175966477
2.1799999999999975 0.7660194940687376 0.017722583197461738
2.1899999999999973 0.7837420772661994 0.0014097829894222282
2.199999999999997 0.7851518602556216 0.008229262837594408
2.209999999999997 0.793381123093216 0.014914984062654789
2.2199999999999966 0.8082961071558707 -0.0027892122807382284
2.2299999999999964 0.8055068948751325 0.0056153890716700945
2.239999999999996 0.8111222839468026 -0.005243441912120814
2.249999999999996 0.8058788420346819 0.0037007516498520836
2.259999999999996 0.8095795936845339 -0.0034723869506677312
2.2699999999999956 0.8061072067338662 -0.005324765654019141
2.2799999999999954 0.800782441079847 0.014510349753021241
2.289999999999995 0.8152927908328682 0.008158498510003775
2.299999999999995 0.823451289342872 0.0030584331325620748
2.3099999999999947 0.8265097224754341 0.015179340578338892
2.3199999999999945 0.841689063053773 0.0007451401548948817
2.3299999999999943 0.8424342032086679 0.012037907172863713
2.339999999999994 0.8544721103815316 -0.02292028248308072
2.349999999999994 0.8315518278984508 -0.009390786966732513
2.3599999999999937 0.8221610409317183 0.019844578152562825
2.3699999999999934 0.8420056190842811 0.005114993159149157
2.3799999999999932 0.8471206122434303 0.015144256533677609
2.389999999999993 0.8622648687771078 -0.005633629788093175
2.399999999999993 0.8566312389890147 -0.008595473514997436
2.4099999999999926 0.8480357654740173 0.003961366246158941
2.4199999999999924 0.8519971317201762 0.008320710491327087
2.429999999999992 0.8603178422115033 0.023092484620325038
2.439999999999992 0.8834103268318283 -0.0025610516317471238
2.4499999999999917 0.8808492752000812 -0.0027574877115008316
2.4599999999999915 0.8780917874885803 -0.0074369608451732745
2.4699999999999913 0.870654826643407 -0.019312206263271275
2.479999999999991 0.8513426203801358 0.007892157211281402
2.489999999999991 0.8592347775914172 0.006864648201639768
2.4999999999999907 0.866099425793057 0.024579440712865597
2.5099999999999905 0.8906788665059225 -0.011854787461841538
2.5199999999999902 0.878824079044081 0.014958990479488224
2.52999999999999 0.8937830695235692 -0.004140955480068309
2.53999999999999 0.8896421140435009 -0.009452625187330565
2.5499999999999896 0.8801894888561703 0.02557351143038603
2.5599999999999894 0.9057630002865563 -0.018181003441021186
2.569999999999989 0.8875819968455352 0.03863613942454089
2.579999999999989 0.9262181362700761 -0.0048199555316967785
2.5899999999999888 0.9213981807383793 -0.01640889811609585
2.5999999999999885 0.9049892826222835 -0.013505396730788438
2.6099999999999883 0.8914838858914951 -0.004052624843817418
2.619999999999988 0.8874312610476777 0.0006907163162287872
2.629999999999988 0.8881219773639064 0.004297007835360726
2.6399999999999877 0.8924189851992671 -0.007015251286067495
2.6499999999999875 0.8854037339131996 0.008964947328472717
2.6599999999999873 0.8943686812416723 -0.0005498048840875169
2.669999999999987 0.8938188763575848 0.03339072126349147
2.679999999999987 0.9272095976210764 0.009875524137724951
2.6899999999999866 0.9370851217588013 0.015561098772338184
2.6999999999999864 0.9526462205311395 0.0016249183368452903
2.709999999999986 0.9542711388679848 0.008363992005797799
2.719999999999986 0.9626351308737826 0.023365378992133395
2.7299999999999858 0.986000509865916 0.002311095850988398
2.7399999999999856 0.9883116057169045 0.02291208864608365
2.7499999999999853 1.0112236943629882 0.023677510034249685
2.759999999999985 1.0349012043972379 0.017608027770705
2.769999999999985 1.0525092321679428 0.019351096238452548
2.7799999999999847 1.0718603284063954 0.012978479729330415
2.7899999999999845 1.0848388081357259 0.003985512711269039
2.7999999999999843 1.088824320846995 -0.012003390392817736
2.809999999999984 1.0768209304541771 0.008579754034575962
2.819999999999984 1.0854006844887532 0.013377530764570388
2.8299999999999836 1.0987782152533236 -0.0014043874898907356
2.8399999999999834 1.0973738277634328 0.007161003038710966
2.849999999999983 1.1045348308021439 0.016412151527499443
2.859999999999983 1.1209469823296434 0.0062494543605493575
2.869999999999983 1.1271964366901928 -0.0007227787202801878
2.8799999999999826 1.1264736579699126 -0.013420587454901947
2.8899999999999824 1.1130530705150106 -0.016904056400897205
2.899999999999982 1.0961490141141135 0.016488551812577756
2.909999999999982 1.1126375659266912 0.025073094879247887
2.9199999999999817 1.137710660805939 0.02630568523851266
2.9299999999999815 1.1640163460444517 0.012568678039895614
2.9399999999999813 1.1765850240843474 0.03366421032479479
2.949999999999981 1.2102492344091422 0.011716627471919261
2.959999999999981 1.2219658618810616 -0.008851589733853799
2.9699999999999807 1.213114272147208 0.0011626518721859396
2.9799999999999804 1.2142769240193938 -0.0037065377627435205
2.9899999999999802 1.2105703862566504 0.008722059908173981
2.99999999999998 1.2192924461648242 -0.02086830759230255
3.00999999999998 1.1984241385725216 0.01872727138190488
3.0199999999999796 1.2171514099544265 -0.0017495592385360131
3.0299999999999794 1.2154018507158906 -0.010083991421812582
3.039999999999979 1.205317859294078 0.004234790228586265
3.049999999999979 1.2095526495226643 -0.01762953692101432
3.0599999999999787 1.1919231126016498 0.003116252002594931
3.0699999999999785 1.1950393646042448 0.008391483565871091
3.0799999999999783 1.203430848170116 0.03983301211922614
3.089999999999978 1.243263860289342 0.032123680110980574
3.099999999999978 1.2753875404003225 0.024212254939082377
3.1099999999999777 1.299599795339405 0.00606131252827552
3.1199999999999775 1.3056611078676805 -0.005994428904130813
3.1299999999999772 1.2996666789635498 -0.030960121328136386
3.139999999999977 1.2687065576354135 0.042607889475498255
3.149999999999977 1.3113144471109117 -0.009648259401272443
3.1599999999999766 1.3016661877096394 0.010708382859481906
3.1699999999999764 1.3123745705691212 -0.019640641455211147
3.179999999999976 1.2927339291139102 0.014698582159148143
3.189999999999976 1.3074325112730583 -0.027468828282993227
3.1999999999999758 1.2799636829900651 0.030141639312922613
3.2099999999999755 1.3101053223029877 0.012443441085207462
3.2199999999999753 1.3225487633881952 -0.01679521698851299
3.229999999999975 1.305753546399682 -0.02491071887748029
3.239999999999975 1.280842827522202 -0.012867993990010455
3.2499999999999747 1.2679748335321914 -0.012886163520507475
3.2599999999999745 1.255088670011684 0.016883426212338935
3.2699999999999743 1.2719720962240229 -0.028090462261692907
3.279999999999974 1.24388163396233 0.0021980355243576034
3.289999999999974 1.2460796694866876 -0.040554730947839616
3.2999999999999736 1.205524938538848 0.012160223451855499
3.3099999999999734 1.2176851619907034 0.00937285648267987
3.319999999999973 1.2270580184733832 -0.0035363718088544053
3.329999999999973 1.223521646664529 0.030325179190834446
3.3399999999999728 1.2538468258553634 -0.019709710046623353
3.3499999999999726 1.2341371158087402 -0.0006260176627114593
3.3599999999999723 1.2335110981460287 -0.013766470439911378
3.369999999999972 1.2197446277061172 0.004829520033819777
3.379999999999972 1.224574147739937 -0.0059788248231099975
3.3899999999999717 1.218595322916827 -0.016642039021135275
3.3999999999999715 1.2019532838956917 0.0068927798393833145
3.4099999999999713 1.208846063735075 -0.021627055066249547
3.419999999999971 1.1872190086688255 0.003704770155936154
3.429999999999971 1.1909237788247615 0.0070544557061856415
3.4399999999999706 1.197978234530947 0.02565184146971886
3.4499999999999704 1.223630076000666 -0.004488220535843513
3.45999999999997 1.2191418554648226 -0.007343758072818415
3.46999999999997 1.2117980973920042 -0.016106014065718675
3.47999999999997 1.1956920833262854 -0.020182373702055244
3.4899999999999696 1.1755097096242302 -0.015500738052686569
3.4999999999999694 1.1600089715715436 -0.027145992536054268
3.509999999999969 1.1328629790354894 0.01462709783274483
3.519999999999969 1.1474900768682341 0.031753645480284594
3.5299999999999687 1.1792437223485188 -0.003111911372546592
3.5399999999999685 1.1761318109759722 -0.017541203183314733
3.5499999999999683 1.1585906077926575 0.0029835235086418414
3.559999999999968 1.1615741313012995 0.00555297894015252
3.569999999999968 1.167127110241452 -0.014582363597821103
3.5799999999999677 1.152544746643631 0.025699165373202302
3.5899999999999674 1.1782439120168333 0.029609980544873852
3.5999999999999672 1.2078538925617073 -0.03291880428428332
3.609999999999967 1.1749350882774239 0.0219250728758935
3.619999999999967 1.1968601611533174 -0.002436352111431773
3.6299999999999666 1.1944238090418857 -0.025583795219198242
3.6399999999999664 1.1688400138226875 0.0005562363699086707
3.649999999999966 1.1693962501925963 -0.00691954357724264
3.659999999999966 1.1624767066153536 -0.007420085698637053
3.6699999999999657 1.1550566209167166 -0.016622287605523683
3.6799999999999655 1.1384343333111928 0.030845087523791184
3.6899999999999653 1.169279420834984 -0.002054494849594202
3.699999999999965 1.1672249259853897 0.0033723073745896377
3.709999999999965 1.1705972333599794 -0.009620460399822606
3.7199999999999647 1.1609767729601568 0.009895250271044227
3.7299999999999645 1.170872023231201 0.018981843148325468
3.7399999999999642 1.1898538663795266 -0.01322119584630244
3.749999999999964 1.1766326705332242 0.0015165564684212866
3.759999999999964 1.1781492270016454 -0.017575537268131124
3.7699999999999636 1.1605736897335142 -0.00865442311179537
3.7799999999999634 1.1519192666217188 0.024357393707449528
3.789999999999963 1.1762766603291683 0.02631697508030916
3.799999999999963 1.2025936354094775 -0.009785474676059494
3.8099999999999627 1.192808160733418 0.026250215669382265
3.8199999999999625 1.2190583764028002 0.010771643597003198
3.8299999999999623 1.2298300199998033 -0.034282683938550745
3.839999999999962 1.1955473360612525 0.003213699315284452
3.849999999999962 1.198761035376537 0.004806542491210723
3.8599999999999617 1.2035675778677477 -0.01884356436061235
3.8699999999999615 1.1847240135071353 -4.768308992225039e-05
3.8799999999999613 1.184676330417213 -0.0024054202740525898
3.889999999999961 1.1822709101431603 0.011857182335209816
3.899999999999961 1.1941280924783702 0.0231423352067548
3.9099999999999606 1.217270427685125 -0.0003345106916925612
3.9199999999999604 1.2169359169934324 -0.003879848351349147
3.92999999999996 1.2130560686420833 0.023794178027364467
3.93999999999996 1.2368502466694478 -0.04635703331349873
3.9499999999999598 1.190493213355949 -0.024995478056398426
3.9599999999999596 1.1654977352995506 -0.018531307457313052
3.9699999999999593 1.1469664278422376 -0.00448294974116005
3.979999999999959 1.1424834781010775 0.009359118219001619
3.989999999999959 1.1518425963200791 -0.020768514151830883
3.9999999999999587 1.1310740821682483 0.006030257843851049
4.009999999999959 1.1371043400120995 -0.01141691194737116
4.019999999999959 1.1256874280647282 -0.001271904271528422
4.0299999999999585 1.1244155237931999 0.0036528357636379555
4.039999999999958 1.128068359556838 0.0355248006887559
4.049999999999958 1.1635931602455938 -0.0015969026207399012
4.059999999999958 1.161996257624854 0.007160307835379791
4.069999999999958 1.1691565654602336 -0.014505733988969849
4.079999999999957 1.1546508314712638 -0.018186987734998418
4.089999999999957 1.1364638437362653 0.002700138263891457
4.099999999999957 1.1391639820001567 0.0014763897233681616
4.109999999999957 1.1406403717235247 -0.017104210463672238
4.119999999999957 1.1235361612598525 -0.030328290147768798
4.129999999999956 1.0932078711120836 -0.008917888781665904
4.139999999999956 1.0842899823304177 0.025243759374013002
4.149999999999956 1.1095337417044306 -0.011371765216109816
4.159999999999956 1.0981619764883208 0.015546110104514229
4.1699999999999555 1.113708086592835 0.016939035807319838
4.179999999999955 1.1306471224001549 0.0021188226120427904
4.189999999999955 1.1327659450121976 -0.005339143901136342
4.199999999999955 1.1274268011110613 0.02405745080843372
4.209999999999955 1.151484251919495 -0.01039807714201196
4.2199999999999545 1.141086174777483 -0.02052437095435586
4.229999999999954 1.120561803823127 -0.018560144642172722
4.239999999999954 1.1020016591809543 -0.03864936600406449
4.249999999999954 1.0633522931768897 -0.00019482943787228063
4.259999999999954 1.0631574637390175 0.012481255208846135
4.269999999999953 1.0756387189478638 -0.01981142917048156
4.279999999999953 1.0558272897773822 -0.02482864237857588
4.289999999999953 1.0309986473988062 -0.0005884407714944035
4.299999999999953 1.0304102066273118 -0.02061171210049667
4.3099999999999525 1.009798494526815 -0.003730963719365223
4.319999999999952 1.0060675308074498 0.015036256764814904
4.329999999999952 1.0211037875722648 -0.014949603907776223
4.339999999999952 1.0061541836644885 0.03560732927332561
4.349999999999952 1.0417615129378142 0.005638201213911311
4.3599999999999515 1.0473997141517255 -0.003629325022770148
4.369999999999951 1.0437703891289554 0.03166958953142844
4.379999999999951 1.0754399786603839 -0.036627747606785416
4.389999999999951 1.0388122310535985 0.003195436299831591
4.399999999999951 1.0420076673534302 -0.004020063230887115
4.40999999999995 1.037987604122543 -0.011577866828498127
4.41999999999995 1.026409737294045 -0.010673472899552214
4.42999999999995 1.015736264394493 0.030053558889010755
4.43999999999995 1.0457898232835037 0.007743063862476871
4.4499999999999496 1.0535328871459806 0.001871962547221741
4.459999999999949 1.0554048496932023 0.007236044113507657
4.469999999999949 1.06264089380671 -0.010285648879322309
4.479999999999949 1.0523552449273876 0.007664219464211831
4.489999999999949 1.0600194643915994 -0.012420332079219523
4.4999999999999485 1.0475991323123799 0.03124791151086986
4.509999999999948 1.0788470438232498 0.0003690135091462571
4.519999999999948 1.0792160573323961 -0.003502698424879998
4.529999999999948 1.075713358907516 0.010815008570627607
4.539999999999948 1.0865283674781436 -0.013899447506013522
4.549999999999947 1.0726289199721302 -0.003805346591628269
4.559999999999947 1.0688235733805018 -0.015663411785766305
4.569999999999947 1.0531601615947355 -0.0022408055020542985
4.579999999999947 1.0509193560926813 -0.02916516384038751
4.589999999999947 1.0217541922522937 0.015313179231068608
4.599999999999946 1.0370673714833623 -0.008900952341094689
4.609999999999946 1.0281664191422675 -0.013617070924866099
4.619999999999946 1.0145493482174013 -0.00793265860362575
4.629999999999946 1.0066166896137756 0.007609898927756297
4.6399999999999455 1.0142265885415318 -0.005248087939153155
4.649999999999945 1.0089785006023786 -0.018263838369559113
4.659999999999945 0.9907146622328195 -0.0022149634835103584
4.669999999999945 0.9884996987493091 0.007813157572277497
4.679999999999945 0.9963128563215866 0.02043425565015322
4.689999999999944 1.01674711197174 0.002741150037448678
4.699999999999944 1.0194882620091885 0.007646534166863958
4.709999999999944 1.0271347961760524 -0.00440754502852867
4.719999999999944 1.0227272511475238 -0.00706151140630084
4.729999999999944 1.015665739741223 0.0027086582781053114
4.739999999999943 1.0183743980193283 0.018897028129468762
4.749999999999943 1.037271426148797 0.020522272474693192
4.759999999999943 1.0577936986234902 0.0003772587167205256
4.769999999999943 1.0581709573402107 -0.019201983194485486
4.7799999999999425 1.0389689741457253 -0.0020199082323617795
4.789999999999942 1.0369490659133636 0.010057183919947463
4.799999999999942 1.047006249833311 -0.00909095498296603
4.809999999999942 1.037915294850345 -0.02255502620892568
4.819999999999942 1.0153602686414194 -0.02309109228487395
4.8299999999999415 0.9922691763565454 0.029009056370945186
4.839999999999941 1.0212782327274905 -0.022518986779207103
4.849999999999941 0.9987592459482835 -0.017100452663692832
4.859999999999941 0.9816587932845906 -0.011793951604836388
4.869999999999941 0.9698648416797542 0.012672861646987261
4.87999999999994 0.9825377033267414 0.025803452675340673
4.88999999999994 1.008341156002082 0.012704492013345624
4.89999999999994 1.0210456480154277 0.01225133065070305
4.90999999999994 1.0332969786661308 0.017450052062837083
4.9199999999999395 1.050747030728968 -0.0178964599968413
4.929999999999939 1.0328505707321267 0.0005735781694103154
4.939999999999939 1.033424148901537 0.0049707313672487045
4.949999999999939 1.0383948802687857 -0.008734585153956361
4.959999999999939 1.0296602951148293 -0.009160190167467781
4.9699999999999385 1.0205001049473614 0.010123968764505295
4.979999999999938 1.0306240737118668 -0.012983923355090568
4.989999999999938 1.0176401503567762 0.020111750290835992
4.999999999999938 1.0377519006476121 0.013827246097701102
5.009999999999938 1.0515791467453133 -0.009114650938769207
5.019999999999937 1.042464495806544 0.018281710103641286
5.029999999999937 1.0607462059101853 0.006089737549745315
5.039999999999937 1.0668359434599306 0.017222558616884348
5.049999999999937 1.084058502076815 0.0021251505527231573
5.0599999999999365 1.086183652629538 0.0013652000155218275
5.069999999999936 1.0875488526450598 -0.0005649227641342847
5.079999999999936 1.0869839298809256 -0.015435266054414264
5.089999999999936 1.0715486638265113 -0.01593045019868173
5.099999999999936 1.0556182136278296 7.089905486239276e-05
5.1099999999999355 1.055689112682692 0.028314734297328226
5.119999999999935 1.0840038469800202 0.024373027438055805
5.129999999999935 1.108376874418076 0.019209528663347932
5.139999999999935 1.127586403081424 -0.009906631664911906
5.149999999999935 1.117679771416512 -0.009648795018938226
5.159999999999934 1.108030976397574 0.018834533510762405
5.169999999999934 1.1268655099083364 -0.009865383807164865
5.179999999999934 1.1170001261011715 -0.0026526692443536054
5.189999999999934 1.114347456856818 0.013740410274022776
5.199999999999934 1.1280878671308407 0.0038178175427197652
5.209999999999933 1.1319056846735605 -0.006180074997636398
5.219999999999933 1.125725609675924 0.01221235410072687
5.229999999999933 1.137937963776651 0.019022322201225482
5.239999999999933 1.1569602859778765 -0.007815979393468479
5.2499999999999325 1.149144306584408 0.004864115739839442
5.259999999999932 1.1540084223242475 0.005072745462590832
5.269999999999932 1.1590811677868382 -0.009508810330300006
5.279999999999932 1.1495723574565382 -0.01640597071591667
5.289999999999932 1.1331663867406214 -0.012695321581179716
5.299999999999931 1.1204710651594416 -0.010391624750366557
5.309999999999931 1.110079440409075 0.026792645347005078
5.319999999999931 1.1368720857560801 -0.0022164826302476905
5.329999999999931 1.1346556031258324 0.0007894533766719849
5.339999999999931 1.1354450565025043 0.007739512031828569
5.34999999999993 1.143184568534333 -0.004194832864865201
5.35999999999993 1.1389897356694678 0.029582819065225818
5.36999999999993 1.1685725547346937 0.003937351982566618
5.37999999999993 1.1725099067172604 0.00846071320272227
5.3899999999999295 1.1809706199199828 0.02522535813900389
5.399999999999929 1.2061959780589866 0.019502401798180004
5.409999999999929 1.2256983798571666 0.0026640889916587267
5.419999999999929 1.2283624688488253 0.014483256833813286
5.429999999999929 1.2428457256826386 0.032595697295938336
5.4399999999999284 1.2754414229785769 0.019648100798276953
5.449999999999928 1.2950895237768538 0.018859504057574528
5.459999999999928 1.3139490278344284 -0.012701626709782515
5.469999999999928 1.3012474011246458 -0.02975514155685904
5.479999999999928 1.2714922595677867 -0.0076833951941365705
5.489999999999927 1.26380886437365 0.01125454983328135
5.499999999999927 1.2750634142069315 0.007343298227295714
5.509999999999927 1.282406712434227 0.0006870918805582974
5.519999999999927 1.2830938043147855 0.012574631117177652
5.5299999999999265 1.2956684354319632 -0.007470063979992746
5.539999999999926 1.2881983714519705 0.024408433739071114
5.549999999999926 1.3126068051910416 -0.04243856935934989
5.559999999999926 1.2701682358316917 -0.03567939951650571
5.569999999999926 1.234488836315186 0.01259286615219654
5.5799999999999255 1.2470817024673826 -0.00903243541582056
5.589999999999925 1.238049267051562 -0.00030782408403338827
5.599999999999925 1.2377414429675286 -0.0038665796516695284
5.609999999999925 1.2338748633158592 -0.010338331192501396
5.619999999999925 1.2235365321233578 -0.00012775211202822184
5.629999999999924 1.2234087800113296 0.03970921686634223
5.639999999999924 1.2631179968776718 -0.0034753963035592476
5.649999999999924 1.2596426005741126 -0.011474126994728141
5.659999999999924 1.2481684735793845 0.00785682546035701
5.6699999999999235 1.2560252990397416 0.00737907260927383
5.679999999999923 1.2634043716490153 0.032143075982077746
5.689999999999923 1.295547447631093 -0.027492333459285152
5.699999999999923 1.268055114171808 -0.03127197774151839
5.709999999999923 1.2367831364302895 -0.004223611720674944
5.7199999999999225 1.2325595247096146 -0.016385057890682824
5.729999999999922 1.2161744668189318 0.002124179880919857
5.739999999999922 1.2182986466998518 -0.0588596129811598
5.749999999999922 1.159439033718692 0.029049756983710522
5.759999999999922 1.1884887907024024 -0.006478643341844469
5.769999999999921 1.182010147360558 -0.008646625630665532
5.779999999999921 1.1733635217298926 -0.020282187503508502
5.789999999999921 1.1530813342263841 -0.00782954073694982
5.799999999999921 1.1452517934894344 0.011661713106135459
5.809999999999921 1.1569135065955698 -0.011239814144658859
5.81999999999992 1.145673692450911 0.0187216018151782
5.82999999999992 1.1643952942660891 0.020231573918499925
5.83999999999992 1.184626868184589 -0.0048082779321712305
5.84999999999992 1.1798185902524179 -0.003470131368732263
5.8599999999999195 1.1763484588836857 -0.00925175898645105
5.869999999999919 1.1670966998972345 -0.007754649334262148
5.879999999999919 1.1593420505629723 0.003919137481012254
5.889999999999919 1.1632611880439847 0.03233009759894655
5.899999999999919 1.1955912856429312 -0.005493407597886763
5.909999999999918 1.1900978780450444 -0.01590705935365467
5.919999999999918 1.1741908186913896 -0.0045133271389948305
5.929999999999918 1.1696774915523949 0.008697915360262407
5.939999999999918 1.1783754069126573 0.008528802538433541
5.949999999999918 1.1869042094510909 0.01947730516278848
5.959999999999917 1.2063815146138794 0.028601368380455044
5.969999999999917 1.2349828829943346 0.01077584081810469
5.979999999999917 1.2457587238124392 0.006354408337774137
5.989999999999917 1.2521131321502135 -0.024473072784903203
5.9999999999999165 1.2276400593653103 0.004134923454138113
6.009999999999916 1.2317749828194484 -0.015701150310649087
6.019999999999916 1.2160738325087994 -0.030303676112266486
6.029999999999916 1.1857701563965328 0.008221242384531285
6.039999999999916 1.1939913987810642 -0.006242679852291705
6.0499999999999154 1.1877487189287725 -0.00015861771146383316
6.059999999999915 1.1875901012173087 0.02583714644005039
6.069999999999915 1.213427247657359 -0.014066487837444498
6.079999999999915 1.1993607598199145 0.007682518331525906
6.089999999999915 1.2070432781514404 0.029701236897946133
6.099999999999914 1.2367445150493865 -0.01836583929995541
6.109999999999914 1.218378675749431 0.010693981957657462
6.119999999999914 1.2290726577070885 0.01234393391165113
6.129999999999914 1.2414165916187396 -0.011508601619255019
6.1399999999999135 1.2299079899994847 0.013321888524481735
6.149999999999913 1.2432298785239664 0.0021095904438917655
6.159999999999913 1.245339468967858 -0.010326723371692517
6.169999999999913 1.2350127455961655 0.00046994528674099785
6.179999999999913 1.2354826908829064 0.011415516720491256
6.1899999999999125 1.2468982076033976 -0.006770788338595889
6.199999999999912 1.2401274192648017 0.02273879662135165
6.209999999999912 1.2628662158861534 -0.006788173260045399
6.219999999999912 1.256078042626108 0.00950466723947019
6.229999999999912 1.2655827098655783 -0.009944458042604501
6.239999999999911 1.2556382518229738 -0.0012309883531510897
6.249999999999911 1.2544072634698227 0.0064373642175293184
6.259999999999911 1.260844627687352 -0.010130337952777528
6.269999999999911 1.2507142897345744 0.0060487234081509165
6.2799999999999105 1.2567630131427254 0.0038504637070510732
6.28999999999991 1.2606134768497765 0.004459865965678685
6.29999999999991 1.2650733428154552 0.03862808727428724
6.30999999999991 1.3037014300897425 0.046214081081021804
6.31999999999991 1.3499155111707644 -0.0062860308756090225
6.3299999999999095 1.3436294802951554 -0.0064196975818156185
6.339999999999909 1.3372097827133398 -0.05582267289856938
6.349999999999909 1.2813871098147704 -0.022196058792745804
6.359999999999909 1.2591910510220246 0.00772805522440033
6.369999999999909 1.266919106246425 -0.04588272108660763
6.379999999999908 1.2210363851598172 -0.01450005713777659
6.389999999999908 1.2065363280220405 0.008983219695412875
6.399999999999908 1.2155195477174534 0.005510640531336369
6.409999999999908 1.2210301882487897 0.02669493503686985
6.419999999999908 1.2477251232856597 -0.02329707723847702
6.429999999999907 1.2244280460471826 -0.0227323444307878
6.439999999999907 1.2016957016163947 0.011750807854342576
6.449999999999907 1.2134465094707374 -0.005719738534513525
6.459999999999907 1.2077267709362238 -0.016973425116933005
6.4699999999999065 1.190753345819291 -0.008717321662271654
6.479999999999906 1.1820360241570194 0.018211736054290592
6.489999999999906 1.20024776021131 -0.01390548072277869
6.499999999999906 1.1863422794885312 0.010319751886058642
6.509999999999906 1.19666203137459 -0.03817262519596996
6.519999999999905 1.15848940617862 -0.018810324592873552
6.529999999999905 1.1396790815857465 0.01105394227038524
6.539999999999905 1.1507330238561317 0.006824735988928312
6.549999999999905 1.1575577598450602 -0.004214470280306058
6.559999999999905 1.1533432895647542 0.020888163390417748
6.569999999999904 1.1742314529551718 -0.026748569376444136
6.579999999999904 1.1474828835787276 -0.03806780624924255
6.589999999999904 1.109415077329485 0.005101505434114553
6.599999999999904 1.1145165827635997 -0.024821011114273536
6.6099999999999035 1.0896955716493262 0.008599543414126179
6.619999999999903 1.0982951150634523 4.20910612803178e-05
6.629999999999903 1.0983372061247327 -0.0036757655863403457
6.639999999999903 1.0946614405383923 0.0036358852787077636
6.649999999999903 1.0982973258171 0.0036075713598900643
6.659999999999902 1.10190489717699 0.00283022751204996
6.669999999999902 1.10473512468904 -0.03278364974319871
6.679999999999902 1.0719514749458412 -0.01204221917538728
6.689999999999902 1.059909255770454 -0.016550359525233524
6.699999999999902 1.0433588962452205 -0.011591692163690225
6.709999999999901 1.0317672040815302 -0.0015940288434218917
6.719999999999901 1.0301731752381083 -0.025422841205809486
6.729999999999901 1.0047503340322987 -0.0037085058163433575
6.739999999999901 1.0010418282159554 -0.013905901002275524
6.7499999999999005 0.9871359272136799 0.015096947966630588
6.7599999999999 1.0022328751803105 -0.0007154636820302883
6.7699999999999 1.00151741149828 -0.028539012804081425
6.7799999999999 0.9729783986941987 -0.007615863721336619
6.7899999999999 0.9653625349728621 -0.02361987597135395
6.7999999999998995 0.9417426590015081 0.001324496162900648
6.809999999999899 0.9430671551644088 0.00431505021290199
6.819999999999899 0.9473822053773108 0.003898926766995319
6.829999999999899 0.9512811321443061 0.01904151671725869
6.839999999999899 0.9703226488615648 0.00045172292716418776
6.849999999999898 0.970774371788729 0.022310486837766003
6.859999999999898 0.9930848586264951 0.02681092436738529
6.869999999999898 1.0198957829938804 0.015122711571340021
6.879999999999898 1.0350184945652203 -0.036830462568803464
6.8899999999998975 0.9981880319964168 0.00011454900130435238
6.899999999999897 0.9983025809977212 0.008805832225661734
6.909999999999897 1.007108413223383 0.010905276447871301
6.919999999999897 1.0180136896712542 -0.03839488220948768
6.929999999999897 0.9796188074617664 0.01706533482913897
6.9399999999998965 0.9966841422909054 -0.017342301485707364
6.949999999999896 0.979341840805198 0.0043202067777595
6.959999999999896 0.9836620475829575 -0.020030565728138414
6.969999999999896 0.9636314818548191 -0.014144609005660377
6.979999999999896 0.9494868728491587 0.019800431639800248
6.989999999999895 0.969287304488959 0.014226661067687567
6.999999999999895 0.9835139655566465 0.005400111893374739
7.009999999999895 0.9889140774500212 0.016198445634353388
7.019999999999895 1.0051125230843747 -0.004610522266071587
7.0299999999998946 1.0005020008183032 0.012267016741254261
7.039999999999894 1.0127690175595574 -0.004558707088233875
7.049999999999894 1.0082103104713236 0.010149541490893057
7.059999999999894 1.0183598519622166 0.00637273580830502
7.069999999999894 1.0247325877705216 -0.01402224334132738
7.0799999999998935 1.0107103444291943 -0.0080896722671675
7.089999999999893 1.0026206721620268 0.0031242355842705308
7.099999999999893 1.0057449077462972 0.008972864785992303
7.109999999999893 1.0147177725322896 0.00443964604018188
7.119999999999893 1.0191574185724714 -0.007339442281128471
7.129999999999892 1.011817976291343 0.001130228756490501
7.139999999999892 1.0129482050478336 0.0006684258582672732
7.149999999999892 1.0136166309061008 0.01805843430095389
7.159999999999892 1.0316750652070548 -0.019932271979280058
7.169999999999892 1.0117427932277747 0.00350679844167615
7.179999999999891 1.0152495916694508 -0.010602790046946713
7.189999999999891 1.004646801622504 0.014901389962412631
7.199999999999891 1.0195481915849167 0.014155124910366615
7.209999999999891 1.0337033164952834 -0.013923372411601043
7.2199999999998905 1.0197799440836823 -0.002081519540204631
7.22999999999989 1.0176984245434777 0.00037329465210534946
7.23999999999989 1.018071719195583 -0.01560853146429058
7.24999999999989 1.0024631877312924 -0.0004265087658695773
7.25999999999989 1.002036678965423 -0.01674543443864524
7.269999999999889 0.9852912445267776 0.025868497104544887
7.279999999999889 1.0111597416313225 0.015054706736612671
7.289999999999889 1.0262144483679352 -0.011491595202850103
7.299999999999889 1.0147228531650851 0.018319566567422337
7.309999999999889 1.0330424197325074 -0.029745694343096526
7.319999999999888 1.003296725389411 -0.003761347047904388
7.329999999999888 0.9995353783415065 0.01975936624229666
7.339999999999888 1.0192947445838032 0.0013165062016015194
7.349999999999888 1.0206112507854048 -0.0028958382122617025
7.3599999999998875 1.0177154125731431 -0.03172518407606505
7.369999999999887 0.9859902284970781 0.03065789832783032
7.379999999999887 1.0166481268249083 -0.007670539780279768
7.389999999999887 1.0089775870446285 0.008401028816832197
7.399999999999887 1.0173786158614606 0.004743489522288634
7.4099999999998865 1.0221221053837493 0.006334155513516515
7.419999999999886 1.0284562608972658 -0.0017476778828569262
7.429999999999886 1.026708583014409 0.0027599947256426545
7.439999999999886 1.0294685777400516 0.005801934671057953
7.449999999999886 1.0352705124111097 0.019647320522224142
7.459999999999885 1.0549178329333337 0.010716198353940073
7.469999999999885 1.0656340312872739 -0.017274937094530405
7.479999999999885 1.0483590941927434 -0.01617085722398137
7.489999999999885 1.032188236968762 0.019889444831404535
7.4999999999998845 1.0520776818001667 0.016731655958920982
7.509999999999884 1.0688093377590877 -0.004530072351966087
7.519999999999884 1.0642792654071216 -0.007646927783218623
7.529999999999884 1.056632337623903 -0.006913206662251266
7.539999999999884 1.0497191309616518 0.028084612847742784
7.5499999999998835 1.0778037438093946 0.025986689892755502
7.559999999999883 1.10379043370215 -0.006485042537862154
7.569999999999883 1.0973053911642878 0.0048200020921573845
7.579999999999883 1.1021253932564452 -0.027771319228218017
7.589999999999883 1.0743540740282271 -0.014451113325874407
7.599999999999882 1.0599029607023527 0.015027651344211048
7.609999999999882 1.0749306120465638 0.01822553886255103
7.619999999999882 1.0931561509091148 -0.0256826894262596
7.629999999999882 1.0674734614828552 -0.017209047970347054
7.6399999999998816 1.050264413512508 0.01133208495655615
7.649999999999881 1.0615964984690642 0.019199133999967435
7.659999999999881 1.0807956324690318 -0.003365005956702763
7.669999999999881 1.077430626512329 0.016365552393940587
7.679999999999881 1.0937961789062696 0.01585858700375246
7.6899999999998805 1.109654765910022 0.0059918010870719934
7.69999999999988 1.115646566997094 0.008637836779313202
7.70999999999988 1.1242844037764073 0.001304125036940528
7.71999999999988 1.1255885288133478 -0.015718742857911267
7.72999999999988 1.1098697859554365 -0.00868921833915552
7.739999999999879 1.101180567616281 0.006723039481810153
7.749999999999879 1.107903607098091 -0.0136154475427647
7.759999999999879 1.0942881595553262 0.0027687382964331677
7.769999999999879 1.0970568978517594 -0.004451253791338912
7.779999999999879 1.0926056440604206 0.003390423543594096
7.789999999999878 1.0959960676040148 -0.0022744289229115018
7.799999999999878 1.0937216386811033 0.0391900303243623
7.809999999999878 1.1329116690054657 0.047136429515581973
7.819999999999878 1.1800480985210478 -0.009512943667456865
7.8299999999998775 1.170535154853591 -0.008746343312071282
7.839999999999877 1.1617888115415196 -0.034580411738617076
7.849999999999877 1.1272083998029025 -0.009125762997660537
7.859999999999877 1.1180826368052421 0.02041601834079597
7.869999999999877 1.138498655146038 -0.01685443178339021
7.879999999999876 1.1216442233626478 -0.0018030092065596112
7.889999999999876 1.1198412141560883 0.007544574310474037
7.899999999999876 1.1273857884665623 0.005843907313592695
7.909999999999876 1.133229695780155 0.040591518120740286
7.919999999999876 1.1738212139008954 0.019060309442720226
7.929999999999875 1.1928815233436156 0.019704104201159225
7.939999999999875 1.2125856275447748 0.010506257816281213
7.949999999999875 1.223091885361056 -0.005606857473722637
7.959999999999875 1.2174850278873333 0.004369490814690832
7.9699999999998745 1.221854518702024 -0.010266146069115906
7.979999999999874 1.2115883726329082 0.029593391307112193
7.989999999999874 1.2411817639400204 -0.010327922071775778
7.999999999999874 1.2308538418682446 -0.015278490107253921
8.009999999999874 1.2155753517609906 0.028581483513631805
8.019999999999873 1.2441568352746224 -0.0068130111719556475
8.029999999999873 1.2373438241026669 -0.0069196227560802855
8.039999999999873 1.2304242013465865 0.030252236883351394
8.049999999999873 1.2606764382299378 -0.005113996184262911
8.059999999999873 1.2555624420456748 0.030298675423282257
8.069999999999872 1.2858611174689571 0.025875327114646685
8.079999999999872 1.311736444583604 0.004587029270416585
8.089999999999872 1.3163234738540206 -0.037599373996886114
8.099999999999872 1.2787240998571345 -0.006520162516765999
8.109999999999872 1.2722039373403686 -0.005015873047042979
8.119999999999871 1.2671880642933258 -0.012860875069010567
8.129999999999871 1.2543271892243153 0.005576627487109806
8.139999999999871 1.2599038167114252 -0.013976904042330663
8.14999999999987 1.2459269126690944 0.03300193473924377
8.15999999999987 1.2789288474083382 0.019718096314440214
8.16999999999987 1.2986469437227783 -0.010138510889346322
8.17999999999987 1.288508432833432 -0.012299423914991468
8.18999999999987 1.2762090089184406 0.05274498317705443
8.19999999999987 1.328953992095495 0.019410933401737714
8.20999999999987 1.3483649254972325 0.007325926781928908
8.21999999999987 1.3556908522791615 0.012830719269315049
8.229999999999869 1.3685215715484766 -0.01038134741228261
8.239999999999869 1.358140224136194 0.0072227724168832325
8.249999999999869 1.3653629965530771 -0.0044507880473021845
8.259999999999868 1.360912208505775 0.002829428630808945
8.269999999999868 1.363741637136584 0.04243567673417866
8.279999999999868 1.4061773138707627 0.0029000278039244543
8.289999999999868 1.4090773416746871 -0.0345529616437968
8.299999999999867 1.3745243800308904 0.03225871007176155
8.309999999999867 1.406783090102652 0.027029294732403997
8.319999999999867 1.433812384835056 -0.0043790940938035075
8.329999999999867 1.4294332907412524 0.020784941702578254
8.339999999999867 1.4502182324438306 -0.013123678060815007
8.349999999999866 1.4370945543830156 -0.030082416253307893
8.359999999999866 1.4070121381297076 0.008661979280347858
8.369999999999866 1.4156741174100556 -0.013446495202193477
8.379999999999866 1.402227622207862 0.01328734415919375
8.389999999999866 1.4155149663670559 -0.0324291561247257
8.399999999999865 1.3830858102423302 0.01408736060997962
8.409999999999865 1.3971731708523099 -0.011811377573739058
8.419999999999865 1.385361793278571 -0.001096010568565985
8.429999999999865 1.3842657827100049 -0.009897258878567763
8.439999999999864 1.3743685238314371 -0.004959565480683621
8.449999999999864 1.3694089583507536 -0.01667255501093754
8.459999999999864 1.3527364033398162 -0.008651494744551957
8.469999999999864 1.3440849085952642 0.0030953766188972333
8.479999999999864 1.3471802852141614 -0.020301754893520343
8.489999999999863 1.3268785303206412 0.007305497084601589
8.499999999999863 1.3341840274052428 -0.03715374116421979
8.509999999999863 1.297030286241023 -0.029773465106068372
8.519999999999863 1.2672568211349546 0.0034722626428657917
8.529999999999863 1.2707290837778205 0.012072803465492297
8.539999999999862 1.2828018872433127 -0.019972427363676527
8.549999999999862 1.2628294598796361 -0.03634310959014638
8.559999999999862 1.2264863502894898 0.025622443840099166
8.569999999999862 1.252108794129589 0.012923082768209597
8.579999999999862 1.2650318768977986 -0.023852894050489074
8.589999999999861 1.2411789828473094 0.005471328129322666
8.599999999999861 1.246650310976632 -0.010641275698681424
8.60999999999986 1.2360090352779507 0.010764748069759725
8.61999999999986 1.2467737833477104 -0.0037221899349149565
8.62999999999986 1.2430515934127955 0.01202562933384329
8.63999999999986 1.2550772227466387 0.015451672735427012
8.64999999999986 1.2705288954820657 0.011450790023077683
8.65999999999986 1.2819796855051433 -0.015268418818875694
8.66999999999986 1.2667112666862677 0.005051000493116602
8.67999999999986 1.2717622671793842 0.01412427965143652
8.68999999999986 1.2858865468308207 -0.006637548370725255
8.699999999999859 1.2792489984600954 -0.01653065242889979
8.709999999999859 1.2627183460311957 -0.019297679408884674
8.719999999999859 1.243420666622311 -0.0028175586062457883
8.729999999999858 1.2406031080160653 0.040074579958693984
8.739999999999858 1.2806776879747592 -0.014833917542311973
8.749999999999858 1.2658437704324472 0.006252914581580253
8.759999999999858 1.2720966850140274 -0.015273450305188972
8.769999999999857 1.2568232347088384 -0.006390284424474474
8.779999999999857 1.2504329502843639 -0.012624129569085827
8.789999999999857 1.237808820715278 0.021004122009777335
8.799999999999857 1.2588129427250554 -0.010473004899052877
8.809999999999857 1.2483399378260025 -0.00810210288875056
8.819999999999856 1.240237834937252 -0.01758884434166941
8.829999999999856 1.2226489905955826 -0.029421955662019467
8.839999999999856 1.1932270349335632 -0.018514850118993873
8.849999999999856 1.1747121848145694 -0.011500415096833166
8.859999999999856 1.1632117697177362 -0.011198864757242667
8.869999999999855 1.1520129049604935 0.015912532265153583
8.879999999999855 1.1679254372256471 0.013711917253629554
8.889999999999855 1.1816373544792766 0.014559392384185394
8.899999999999855 1.196196746863462 0.03841157427728525
8.909999999999854 1.2346083211407473 0.03345520341029521
8.919999999999854 1.2680635245510425 0.007753179167432159
8.929999999999854 1.2758167037184747 -0.001059602468475773
8.939999999999854 1.274757101249999 -0.01932617271010623
8.949999999999854 1.2554309285398928 0.004607958678114885
8.959999999999853 1.2600388872180077 -0.024511495250846976
8.969999999999853 1.2355273919671608 0.01408096962966487
8.979999999999853 1.2496083615968256 0.015533404110208694
8.989999999999853 1.2651417657070343 0.04325456906783769
8.999999999999853 1.308396334774872 -0.007237218175317047
9.009999999999852 1.3011591165995549 -0.010336910526539954
9.019999999999852 1.290822206073015 -0.022835955690785323
9.029999999999852 1.2679862503822297 0.01224840513746749
9.039999999999852 1.280234655519697 0.030677038804982456
9.049999999999851 1.3109116943246795 0.0065820274944067125
9.059999999999851 1.317493721819086 -0.011576911164423522
9.069999999999851 1.3059168106546626 0.033147464083438535
9.07999999999985 1.3390642747381012 0.02451154292713174
9.08999999999985 1.3635758176652328 -0.02987426836955782
9.09999999999985 1.333701549295675 -0.005896656812942108
9.10999999999985 1.3278048924827328 -0.006529430389723181
9.11999999999985 1.3212754620930096 0.013743748728241538
9.12999999999985 1.335019210821251 0.032382750701526505
9.13999999999985 1.3674019615227775 -0.032314480238029325
9.14999999999985 1.3350874812847482 -0.00020231623558206548
9.15999999999985 1.3348851650491662 -0.0024057346498501013
9.169999999999849 1.3324794303993162 -0.003922914739293327
9.179999999999849 1.3285565156600228 -0.0064755304560473095
9.189999999999849 1.3220809852039754 -0.021167484096755583
9.199999999999848 1.30091350110722 -0.011815756504894654
9.209999999999848 1.2890977446023253 -0.02555561258039523
9.219999999999848 1.26354213202193 0.015485199943740115
9.229999999999848 1.2790273319656702 -0.006170674039110097
9.239999999999847 1.27285665792656 0.01488350086876266
9.249999999999847 1.2877401587953228 -0.003410416425430392
9.259999999999847 1.2843297423698923 0.015647933096576166
9.269999999999847 1.2999776754664685 -0.010653192928096963
9.279999999999847 1.2893244825383716 0.01754635360308041
9.289999999999846 1.306870836141452 -0.011538522936843565
9.299999999999846 1.2953323132046084 0.014823486292660008
9.309999999999846 1.3101557994972683 0.016098185749466313
9.319999999999846 1.3262539852467348 -0.03389486324115884
9.329999999999846 1.292359122005576 0.0011562914973387627
9.339999999999845 1.2935154135029148 -0.007836367599928822
9.349999999999845 1.2856790459029859 0.021368797182018846
9.359999999999845 1.3070478430850048 -0.0014202385562763977
9.369999999999845 1.3056276045287283 -0.002826542399455053
9.379999999999844 1.3028010621292732 0.008895732624553914
9.389999999999844 1.3116967947538272 0.02169591454135688
9.399999999999844 1.333392709295184 0.005274711131523411
9.409999999999844 1.3386674204267075 -0.008058494691900757
9.419999999999844 1.3306089257348068 0.02582905202257612
9.429999999999843 1.356437977757383 -0.0073038637202504355
9.439999999999843 1.3491341140371325 0.04748856403456904
9.449999999999843 1.3966226780717015 -0.0037264873454258265
9.459999999999843 1.3928961907262756 0.016310216017098807
9.469999999999843 1.4092064067433743 -0.006992040728780171
9.479999999999842 1.402214366014594 -0.017255879283537494
9.489999999999842 1.3849584867310565 0.0005702545114566624
9.499999999999842 1.3855287412425132 0.02264910675269096
9.509999999999842 1.4081778479952043 0.0165053924750477
9.519999999999841 1.424683240470252 0.008457067507474084
9.529999999999841 1.433140307977726 0.02594275965193514
9.539999999999841 1.4590830676296611 0.03626241240273338
9.54999999999984 1.4953454800323944 0.015685484780892607
9.55999999999984 1.5110309648132871 0.014260592357833427
9.56999999999984 1.5252915571711205 0.022846046132332105
9.57999999999984 1.5481376033034526 -0.023900053872136624
9.58999999999984 1.524237549431316 -0.006940994402419553
9.59999999999984 1.5172965550288966 0.013438007890418447
9.60999999999984 1.530734562919315 -0.023577668111125834
9.61999999999984 1.507156894808189 0.025149642072524993
9.62999999999984 1.532306536880714 -0.022442162066925737
9.639999999999839 1.5098643748137883 -0.005995052910052957
9.649999999999839 1.5038693219037353 0.03516408424365201
9.659999999999838 1.5390334061473874 -0.00798307000938909
9.669999999999838 1.5310503361379983 -0.005395803746298495
9.679999999999838 1.5256545323917 -0.00423881722282478
9.689999999999838 1.5214157151688752 0.009285035386210321
9.699999999999838 1.5307007505550856 -0.023558830578834518
9.709999999999837 1.507141919976251 -0.008279321829464632
9.719999999999837 1.4988625981467865 0.021067437434194074
9.729999999999837 1.5199300355809806 0.028648024511659053
9.739999999999837 1.5485780600926398 0.014287981626395467
9.749999999999837 1.5628660417190352 -0.01914940151110052
9.759999999999836 1.5437166402079348 0.024594891660964065
9.769999999999836 1.5683115318688987 0.007317933939204566
9.779999999999836 1.5756294658081034 0.01715310210784971
9.789999999999836 1.592782567915953 0.03636006820258838
9.799999999999836 1.6291426361185415 0.008285023688029046
9.809999999999835 1.6374276598065705 0.010500572168273456
9.819999999999835 1.6479282319748438 0.04169915773082681
9.829999999999835 1.6896273897056706 -0.03386272676040006
9.839999999999835 1.6557646629452705 -0.02170651897934999
9.849999999999834 1.6340581439659205 0.032609380850834646
9.859999999999834 1.6666675248167553 -0.03394580915601886
9.869999999999834 1.6327217156607365 3.604253476406855e-05
9.879999999999834 1.6327577581955006 -0.014872982274083138
9.889999999999834 1.6178847759214174 -0.02776078906848601
9.899999999999833 1.5901239868529313 -0.02395315652543982
9.909999999999833 1.5661708303274915 0.0017740879807950152
9.919999999999833 1.5679449183082865 -0.030801526199681364
9.929999999999833 1.537143392108605 0.007269914391155616
9.939999999999833 1.5444133064997607 -0.016139920982478566
9.949999999999832 1.528273385517282 0.02721599068651995
9.959999999999832 1.555489376203802 -0.004921243850158668
9.969999999999832 1.5505681323536433 -0.016784418816655117
9.979999999999832 1.5337837135369883 -0.038010279987823026
9.989999999999831 1.4957734335491653 0.0010658935495962835
9.999999999999831 1.4968393270987614 0.04259762795722746
